timestamp,open,high,low,close,volume
2020-04-30,18.7300,19.1800,18.4300,18.6500,23209200
2020-04-29,18.5100,19.3000,18.3500,19.0000,26938000
2020-04-28,17.4900,18.0200,17.1100,18.0200,24004700
2020-04-27,16.3700,16.9200,15.9700,16.8000,25446600
2020-04-24,17.1000,17.2500,15.5200,16.0700,39716700
2020-04-23,17.6000,17.8800,17.0900,17.3400,19498900
2020-04-22,16.4000,17.1600,16.3500,17.1500,19763600
2020-04-20,15.9800,17.0200,15.7900,16.5500,37175900
2020-04-17,16.2000,16.7600,15.9300,16.7000,24906500
2020-04-16,16.9200,16.9800,15.8600,16.1300,22075700
2020-04-15,16.3500,16.8400,16.2100,16.6200,38442400
2020-04-14,17.4300,17.6900,16.9600,17.1800,19421300
2020-04-13,17.0900,17.3900,16.6400,17.3000,24196800
2020-04-09,18.0300,18.8000,16.6800,16.8600,44119700
2020-04-08,16.6300,17.8600,16.5400,17.5000,29341000
2020-04-07,16.9900,17.3400,16.4400,16.5600,34378000
2020-04-06,16.0500,16.1500,15.3900,16.1500,38566600
2020-04-03,16.3500,16.3800,14.8100,15.3200,38437600
2020-04-02,15.3900,16.6600,14.9200,15.4300,57104700
2020-04-01,13.6000,14.4900,13.4100,14.2100,28742500
2020-03-31,13.5800,14.7500,13.5300,14.1400,46418700
2020-03-30,12.9000,13.6200,12.5000,13.4400,47594300
2020-03-27,13.3000,13.8500,13.0300,13.0300,50173700
2020-03-26,14.4500,15.3300,13.9200,14.6000,39215400
2020-03-25,13.4500,15.0400,13.2200,14.5500,40007400
2020-03-24,12.6400,13.7500,12.4600,13.4700,33763400
2020-03-23,12.3000,12.3400,11.4200,11.6200,29323500
2020-03-20,13.1500,13.4700,11.8500,12.2200,38966200
2020-03-19,11.0000,13.0500,10.5000,12.4500,68539000
2020-03-18,11.7000,12.2000,10.5000,11.0500,73690700
2020-03-17,13.6600,14.1100,13.0000,13.0800,53299000
2020-03-16,13.9900,14.6700,13.1000,13.1300,39799500
2020-03-13,15.5000,15.8600,13.1300,15.8600,59680500
2020-03-12,13.6100,13.8500,11.6300,12.9200,51350100
2020-03-11,17.4800,18.0500,15.6300,16.3700,56828900
2020-03-10,19.4500,19.7500,17.1000,18.3600,83066000
2020-03-09,19.0000,19.4900,16.4400,16.9200,109454100
2020-03-06,25.6800,25.6800,23.7200,24.0600,56848700
2020-03-05,27.7000,27.9800,26.2100,26.8100,27389300
2020-03-04,28.3200,28.4000,27.6100,28.2200,25863400
2020-03-03,28.0400,28.8600,27.1000,27.5000,35873100
2020-03-02,27.1500,28.2800,27.0800,28.1000,26816900
2020-02-28,26.6100,27.1500,25.9200,27.1500,38536600
2020-02-27,27.4100,28.0400,26.2900,26.8300,40110500
2020-02-21,31.5100,31.5100,30.5600,30.8500,18867600
2020-02-20,32.8700,33.0000,31.6400,31.7500,23046400
2020-02-19,31.9900,32.6500,31.9000,32.5700,11667500
2020-02-18,31.3300,32.0500,31.0800,31.9400,13297300
2020-02-17,31.8400,31.9300,31.5000,31.7000,8665500
2020-02-14,32.0500,32.1200,31.4900,31.6200,13541400
2020-02-13,32.1500,32.5400,31.7100,31.9300,17443900
2020-02-12,32.3600,32.6800,32.0600,32.5500,38797800
2020-02-11,31.7600,32.2600,31.5700,32.0100,45207900
2020-02-10,31.4600,31.6700,30.8600,31.5800,137410600
2020-02-07,31.0500,31.8900,30.9200,31.4600,60858300
2020-02-06,30.9000,31.9900,30.5500,31.3000,91900100
2020-02-05,31.2700,31.4100,30.4800,30.4800,33161700
2020-02-04,30.5100,31.2400,30.4300,30.7500,18750100
2020-02-03,30.3600,30.6100,30.0100,30.0100,8801500
2020-01-31,30.5300,30.7400,30.0800,30.3500,12101800
2020-01-30,29.8200,30.9900,29.7700,30.9900,13531800
2020-01-29,30.6000,30.9200,30.3100,30.3600,14561200
2020-01-28,30.1900,30.8900,30.1200,30.5000,16360100
2020-01-27,30.2300,30.3200,29.5200,29.8000,12017100
2020-01-24,31.1100,31.3200,30.5300,31.1100,24097600
2020-01-23,30.8000,31.2500,30.1900,31.2300,14887900
2020-01-22,31.1000,31.2100,30.8500,31.0200,11883700
2020-01-21,31.7200,31.8400,31.0200,31.0200,7708800
2020-01-20,31.7000,32.1400,31.5200,31.9800,5121200
2020-01-17,31.8475,31.9758,31.5767,31.7000,515200
2020-01-16,31.2000,31.3300,30.9300,31.2200,6655700
2020-01-15,31.6000,31.6700,31.1000,31.1200,7113300
2020-01-14,31.9600,32.1400,31.4500,31.8300,6752000
2020-01-13,32.1500,32.2600,31.8900,32.0900,6666500
2020-01-10,32.2600,32.3100,31.9700,32.1000,3867200
2020-01-09,32.1000,32.3600,31.8300,32.2300,15411600
2020-01-08,32.7000,32.7500,31.7900,32.0500,10030200
2020-01-07,32.9900,33.0300,32.4100,32.5800,5480400
2020-01-06,32.0000,33.1200,31.7800,33.0300,17549700
2020-01-03,33.0000,33.2300,31.9900,31.9900,20340400
2020-01-02,32.3100,32.8000,32.1000,32.8000,6660800
2019-12-30,32.3800,32.5900,31.9100,32.0000,5199500
2019-12-27,32.8100,32.9700,32.1700,32.1700,5796000
2019-12-26,32.4000,32.6900,32.3900,32.6900,5414500
2019-12-23,31.9600,32.4000,31.8300,32.4000,8071300
2019-12-20,32.3000,32.3100,31.7300,31.9300,21019800
2019-12-19,32.1400,32.4100,32.0700,32.3000,12399600
2019-12-18,31.3800,32.4000,31.3600,32.3500,25128000
2019-12-17,31.1000,31.6400,31.1000,31.5200,10286000
2019-12-16,31.4800,31.7500,30.9300,31.0900,17089900
2019-12-13,32.9000,32.9000,31.2100,31.3300,36155200
2019-12-12,32.6100,32.9800,32.3800,32.8700,5286800
2019-12-11,32.5600,32.6100,32.1800,32.4400,7466200
2019-12-10,32.1500,32.4500,31.9200,32.4300,4887400
2019-12-09,32.1000,32.3400,31.8100,32.2300,6847500
2019-12-06,32.0000,32.5700,31.9000,32.0700,7020100
2019-12-05,31.5100,32.2500,31.3300,31.8600,7744700
2019-12-04,31.2500,31.4500,31.0800,31.4500,7010400
2019-12-03,31.2800,31.2900,30.6700,31.0700,5238300
2019-12-02,31.4700,31.6200,31.0500,31.1600,6783200
2019-11-29,31.5900,31.6500,31.0600,31.2000,5221800
2019-11-28,31.5000,31.6000,30.9800,31.5900,5085300
2019-11-27,31.4200,31.7400,31.2000,31.4500,5967700
2019-11-26,32.0200,32.0900,31.1300,31.3900,14839500
2019-11-25,32.1500,32.2900,31.8600,32.0200,6650800
2019-11-22,32.0000,32.5700,31.7700,32.2200,8514800
2019-11-21,31.3800,32.0800,31.2100,32.0800,14518600
2019-11-19,31.8500,32.0500,31.1300,31.2500,4934600
2019-11-18,32.2500,32.2500,31.6700,31.7000,9177300
2019-11-14,32.5000,32.5100,31.5900,31.7100,8008700
2019-11-13,32.5200,32.6500,32.1000,32.4000,8492000
2019-11-12,32.6600,33.2900,32.5200,32.5200,9427300
2019-11-11,32.5900,33.2500,32.5500,33.1400,7051900
2019-11-08,32.9300,33.4900,32.7800,32.9100,15833800
2019-11-07,32.7000,33.6200,32.2800,33.4500,13000600
2019-11-06,32.9200,33.6500,30.8200,32.4100,19047600
2019-11-05,32.9700,33.3000,32.4000,32.5500,17111400
2019-11-04,33.0000,33.4600,32.5300,32.9700,20806700
2019-11-01,32.8000,33.5100,32.2900,32.7400,15926600
2019-10-31,32.4000,32.7700,32.0300,32.7000,11836000
2019-10-30,32.1500,32.6300,31.8500,32.6300,9577600
2019-10-29,31.8100,32.4600,31.6600,32.2400,9232900
2019-10-28,31.7000,32.1300,31.5600,31.9500,5260500
2019-10-25,31.6900,32.2800,31.5300,31.7100,13449200
2019-10-24,31.5300,31.7300,30.6300,30.8100,11793000
2019-10-23,31.2100,31.6400,31.1300,31.4300,7546900
2019-10-22,30.3300,31.4500,30.3300,31.2800,11808100
2019-10-21,30.0100,30.3500,29.9700,30.3500,5505500
2019-10-18,30.3100,30.5700,29.9200,29.9500,7788700
2019-10-17,30.2900,30.5600,29.9700,30.2000,6084200
2019-10-16,30.1700,30.5100,29.8200,30.4900,8608200
2019-10-15,29.7000,30.3000,29.6600,30.0700,7182300
2019-10-14,29.5000,29.7300,29.1600,29.6700,4020900
2019-10-11,29.3000,29.8100,29.2800,29.5000,7652900
2019-10-10,28.9500,29.3700,28.8400,29.0700,5545300
2019-10-09,28.5200,29.1000,28.4100,28.9300,7416300
2019-10-08,28.3400,28.7300,28.2000,28.2200,7389000
2019-10-07,28.6300,28.9000,28.0500,28.4000,6953300
2019-10-04,29.1100,29.2500,28.4100,28.8500,9287600
2019-10-03,29.0200,29.1200,28.2400,29.1200,7548800
2019-10-02,29.6200,29.7700,28.8000,28.9000,8743500
2019-10-01,30.1600,30.4100,29.8400,29.9800,8273200
2019-09-30,30.2272,30.3841,30.1580,30.1600,955465
2019-09-27,30.3000,30.8700,30.2300,30.4200,7041300
2019-09-26,30.1100,30.4600,30.0000,30.3500,4575900
2019-09-25,29.9500,30.1300,29.5600,30.1000,4482800
2019-09-24,30.4200,30.5100,29.9900,30.0600,4512500
2019-09-23,30.1800,30.6300,30.1000,30.4500,5755700
2019-09-20,30.4200,30.4400,30.0800,30.3200,16955900
2019-09-19,30.7000,30.7700,30.2300,30.2400,5682300
2019-09-18,30.2000,30.3500,30.0200,30.0200,5019500
2019-09-17,30.5900,30.7200,29.9900,30.5200,7505900
2019-09-16,31.1500,31.3000,30.5100,31.0000,14069800
2019-09-13,29.9100,30.1400,29.6600,29.6600,3886200
2019-09-12,29.5500,29.9800,29.2500,29.8300,9017300
2019-09-11,30.2000,30.2800,29.4600,29.4700,10159900
2019-09-10,29.9400,30.3000,29.6500,30.0000,8020800
2019-09-09,29.4900,29.9000,29.2500,29.7700,6406900
2019-09-06,29.0400,29.4300,28.8000,29.1900,4868600
2019-09-05,29.0200,29.4200,28.9400,29.0000,6892700
2019-09-04,28.5400,28.9800,28.5200,28.8200,7007700
2019-09-03,27.6600,28.2500,27.6100,28.1100,10024600
2019-09-02,28.0500,28.3600,27.9700,27.9700,4351000
2019-08-30,28.1700,28.3400,27.7600,28.2700,12237200
2019-08-29,27.4000,28.1200,27.3000,28.1200,7953000
2019-08-28,26.8000,27.3500,26.8000,27.1000,6301800
2019-08-27,26.7600,27.2800,26.4400,26.9100,14794100
2019-08-26,26.8900,27.0900,26.3300,26.4100,11515000
2019-08-23,27.2400,27.6700,26.6400,26.7600,9293400
2019-08-22,28.0100,28.2600,27.5300,27.6300,10511800
2019-08-21,26.8900,28.4600,26.7000,27.9000,18364100
2019-08-20,26.7600,26.8600,26.3200,26.4900,6659300
2019-08-19,26.7800,27.0200,26.5000,26.7400,9940300
2019-08-16,27.0100,27.0600,26.2200,26.3800,10977200
2019-08-15,27.1300,27.2000,26.3100,26.5000,12140300
2019-08-14,27.5000,27.6200,26.9500,27.1000,14788200
2019-08-13,27.5100,28.2800,27.2900,27.9600,10398800
2019-08-12,28.3100,28.3600,27.7800,27.8500,6704100
2019-08-09,28.8400,29.1500,28.5800,28.6200,5596000
2019-08-08,28.7700,28.8700,28.3400,28.8700,8060900
2019-08-07,28.0200,28.3200,27.4600,28.2000,19222700
2019-08-06,28.4100,28.7200,28.2300,28.4700,11442100
2019-08-05,28.5900,28.6800,27.9300,28.0000,12218900
2019-08-02,29.1900,29.7400,28.8900,29.2100,13359900
2019-08-01,29.0400,29.2000,27.8600,28.3500,11699000
2019-07-31,29.0000,29.0100,28.4600,28.7900,8380000
2019-07-30,28.6900,29.0500,28.5600,28.7000,6561600
2019-07-29,28.5400,28.9200,28.3500,28.8900,6187400
2019-07-26,29.3900,29.3900,28.4100,28.5400,12630300
2019-07-25,30.1100,30.2000,29.3200,29.4600,5954300
2019-07-24,30.2900,30.4900,29.9500,30.0000,7511900
2019-07-23,30.1400,30.3800,29.9600,30.2500,8954300
2019-07-22,30.2000,30.3200,29.9100,30.1000,4522800
2019-07-19,30.0900,30.1900,29.8400,30.0600,7528900
2019-07-18,30.5000,30.5000,29.9100,30.0700,8938700
2019-07-17,30.7100,30.7200,30.2500,30.4000,6462900
2019-07-16,30.8900,31.1500,30.4000,30.6000,7615500
2019-07-15,31.6100,31.6100,30.9600,30.9700,6454700
2019-07-12,31.3800,31.6700,31.2400,31.5000,10042900
2019-07-11,30.8300,31.4000,30.7300,31.3000,13559200
2019-07-10,30.8100,30.9800,30.6000,30.7200,22198500
2019-07-08,30.0800,30.6100,30.0100,30.6100,8645300
2019-07-05,30.0200,30.3000,29.8200,30.0300,9364700
2019-07-04,30.0000,30.3600,30.0000,30.1600,6386500
2019-07-03,29.6100,29.8800,29.4200,29.7700,7998500
2019-07-02,29.8600,30.0000,29.2000,29.4700,19670800
2019-07-01,30.4400,30.6500,29.8000,29.9200,19745200
2019-06-28,30.1100,30.4500,29.7100,30.0200,15244600
2019-06-27,30.2600,30.3900,29.5800,29.8900,40733300
2019-06-26,30.3100,30.9200,30.2500,30.5500,67560800
2019-06-25,31.5000,31.5400,30.5800,30.7000,15188900
2019-06-24,31.8800,32.0000,31.5900,31.6600,8733700
2019-06-21,31.1100,32.0300,31.1100,31.7900,15423400
2019-06-19,30.5000,30.8400,30.3900,30.8400,8281000
2019-06-18,30.4400,30.7200,30.2700,30.6100,7063300
2019-06-17,30.2000,30.5500,29.9200,30.1500,5831200
2019-06-14,30.2780,30.2964,29.9986,30.2000,828748
2019-06-13,30.0000,30.1900,29.8000,29.9100,7409900
2019-06-12,29.7500,29.8900,29.2700,29.5100,8331300
2019-06-11,29.4800,30.1000,29.4100,29.9500,13726700
2019-06-10,29.7000,29.8500,29.2000,29.3500,11783800
2019-06-07,29.4900,29.9100,29.1700,29.8500,11928500
2019-06-06,29.0000,29.3800,28.5200,29.0600,5877100
2019-06-05,29.0800,29.1700,28.2400,28.6100,6527000
2019-06-04,29.3000,29.3000,28.7800,29.0200,6336100
2019-06-03,28.5000,29.2200,28.4700,28.8500,11261400
2019-05-31,28.6200,28.9800,28.2200,28.2300,10748300
2019-05-30,28.9500,29.3400,28.6900,28.8500,10128600
2019-05-29,28.8600,29.1300,28.5000,28.9000,6393100
2019-05-28,28.6100,29.1300,28.4800,29.1300,15362400
2019-05-27,28.5500,28.9200,28.5200,28.7400,3226900
2019-05-24,28.5700,28.7300,28.2700,28.3300,4567400
2019-05-23,28.4700,28.5400,27.7700,28.2700,6864700
2019-05-22,28.7700,28.9000,28.2400,28.7700,6361400
2019-05-21,28.2500,28.8000,28.0100,28.8000,8207800
2019-05-20,27.6400,28.1100,27.4100,28.0700,5375900
2019-05-17,27.5300,28.1800,27.4300,27.5600,13530200
2019-05-16,28.1700,28.7100,27.7800,27.7800,10619100
2019-05-15,28.1100,28.3900,28.0400,28.3200,10486800
2019-05-14,28.6900,28.8300,28.4000,28.5200,5663500
2019-05-13,28.7100,29.0500,28.4000,28.5100,10034900
2019-05-10,29.3700,29.4200,28.8000,29.3500,6826500
2019-05-09,29.7500,29.8100,29.2200,29.3600,11778000
2019-05-08,29.2800,30.4700,29.1200,30.2200,11682600
2019-05-07,29.2500,29.3600,28.7500,29.2200,13512800
2019-05-06,29.2400,29.5400,29.0700,29.5400,5508800
2019-05-03,29.8500,30.0200,29.5600,29.5600,5504000
2019-05-02,29.7000,29.8100,29.3100,29.5100,7027500
2019-04-30,30.3700,30.6800,29.8400,29.9600,16535600
2019-04-29,30.3684,30.4091,30.2216,30.3700,192054
2019-04-26,30.5600,30.6800,30.0400,30.3900,5777900
2019-04-25,30.3400,31.0400,30.3100,30.6600,7715700
2019-04-24,31.1200,31.2900,30.2000,30.5800,7463400
2019-04-23,31.2000,31.4900,30.9500,31.1200,6239100
2019-04-22,30.8100,31.2200,30.6500,30.8700,8916500
2019-04-18,30.6500,31.1900,30.4800,30.7600,15988400
2019-04-17,30.3500,30.6200,29.6100,30.1800,17100300
2019-04-16,29.2000,30.3700,28.9200,30.1500,11329300
2019-04-15,29.8000,29.8000,28.8900,29.1100,12480500
2019-04-12,30.2900,30.5200,29.0100,29.1300,23981400
2019-04-11,32.1900,32.2800,31.5800,31.8500,9038500
2019-04-10,32.9300,33.0000,32.2300,32.2700,5678100
2019-04-09,32.6700,32.7600,32.1400,32.4500,7178800
2019-04-08,32.1800,33.0500,32.1800,32.7400,7057300
2019-04-05,31.4500,32.1600,31.0700,32.0500,9874800
2019-04-04,30.6800,31.4100,30.2500,31.3500,9882000
2019-04-03,31.1300,31.2600,30.3500,30.3500,12462600
2019-04-02,31.0100,31.2600,30.5100,31.0000,7775800
2019-04-01,31.4200,31.5900,30.7300,30.8700,12610500
2019-03-29,31.3300,31.5700,30.9500,31.1500,8924800
2019-03-28,30.3100,31.1700,30.0600,30.9600,12778500
2019-03-27,31.3500,31.4500,30.4500,30.4500,12303600
2019-03-26,31.0000,31.9300,30.9800,31.9300,13688800
2019-03-25,30.6100,31.1600,30.3800,30.6500,12697200
2019-03-22,31.6600,31.9000,30.7700,30.7700,19675400
2019-03-21,32.7000,32.9300,31.7700,32.3100,18752500
2019-03-20,32.6900,33.7000,32.6500,32.9700,13165500
2019-03-19,32.4900,33.2500,32.3800,32.7700,12154000
2019-03-18,31.6600,32.4800,31.6400,32.2600,12435700
2019-03-15,31.2800,31.7700,31.2000,31.6200,16994400
2019-03-14,31.0000,31.4900,31.0000,31.2900,10495200
2019-03-13,30.2700,31.2500,30.1100,30.9400,13096900
2019-03-12,30.6300,30.8600,30.1300,30.1300,8376100
2019-03-11,29.3800,30.7300,29.0200,30.6400,13660500
2019-03-08,28.8500,29.1200,28.5400,29.0000,9769300
2019-03-07,29.6500,29.6500,29.1600,29.2200,6467900
2019-03-01,29.9200,30.0700,29.2000,29.2000,7335200
2019-02-28,31.2000,31.2500,29.2700,29.8600,31044900
2019-02-27,30.7300,31.0900,30.4200,30.6700,9759400
2019-02-26,30.5500,31.0900,30.3500,30.5100,7813200
2019-02-25,31.1100,31.2000,30.4500,30.5000,8856200
2019-02-22,31.7000,31.7900,30.9800,31.2500,7140300
2019-02-21,31.4500,31.6100,31.0000,31.4300,6083800
2019-02-20,31.3500,31.7400,30.8700,31.2600,11134900
2019-02-19,30.8600,31.5000,30.7800,31.2600,7505000
2019-02-18,30.8100,30.9800,30.5900,30.6900,4272700
2019-02-15,31.1000,31.4400,30.8900,31.0500,6468200
2019-02-14,30.6700,31.3400,30.5600,31.2900,8430200
2019-02-13,30.2300,30.8200,30.0500,30.6500,11301000
2019-02-12,29.5000,30.0400,29.5000,29.9400,9929300
2019-02-11,29.2500,29.2800,28.7600,28.9000,4533600
2019-02-08,29.1600,29.6000,28.8800,29.2700,8255700
2019-02-07,30.1200,30.5900,29.1700,29.4800,9480800
2019-02-06,30.2600,30.4800,29.9300,30.0100,8922400
2019-02-05,30.3600,30.7200,30.1000,30.5500,5306500
2019-02-04,29.8100,30.5200,29.7700,30.3600,10513600
2019-02-01,29.4700,30.0500,29.3000,30.0200,7368400
2019-01-31,29.7000,29.9700,29.5300,29.5500,12127100
2019-01-30,29.4000,29.7000,29.2500,29.4400,8684300
2019-01-29,28.7100,29.4000,28.7100,29.0400,7315000
2019-01-28,29.4200,29.7200,28.3200,28.4200,17030300
2019-01-24,29.1500,29.4600,28.9700,29.4600,7013000
2019-01-23,29.0000,29.3700,28.8900,29.1500,6083000
2019-01-22,29.1700,29.2000,28.6700,28.8500,6692600
2019-01-21,28.9300,29.3000,28.7300,29.2900,3904200
2019-01-18,28.9900,29.3000,28.8500,29.1500,8168500
2019-01-17,28.4000,29.0000,28.2500,28.7800,6419300
2019-01-16,28.3000,28.5400,28.0900,28.5400,6432700
2019-01-15,28.3500,28.7000,28.1600,28.3100,6349600
2019-01-14,28.2800,28.7000,28.1100,28.4000,6240300
2019-01-11,28.5900,28.5900,28.2500,28.5000,6481900
2019-01-10,28.7300,28.7800,28.3500,28.6800,7677100
2019-01-09,28.5100,28.9800,28.5100,28.8200,9306000
2019-01-08,28.6500,28.7700,28.1100,28.2500,12562900
2019-01-07,27.5600,29.1000,27.5500,28.4000,16164400
2019-01-04,27.2400,27.5600,27.0700,27.5100,10848500
2019-01-03,26.6500,27.4300,26.2800,27.2000,12766200
2019-01-02,25.4100,26.9500,25.1000,26.6500,14725300
2018-12-28,24.7800,25.6400,24.7700,25.4000,9543500
2018-12-27,24.5600,24.8800,24.1400,24.4400,10534700
2018-12-26,23.6200,24.5800,23.3300,24.5800,12851100
2018-12-21,24.1400,24.8500,23.8600,24.1800,18462300
2018-12-20,24.7100,24.9100,24.0300,24.1600,12955700
2018-12-19,25.4000,25.7900,24.4400,24.7600,30190000
2018-12-18,25.5581,25.6397,25.3361,25.4000,960024
2018-12-17,26.4100,26.6200,26.0100,26.0500,6880500
2018-12-14,26.1000,26.6600,26.0900,26.3300,6460800
2018-12-13,26.2100,26.6100,26.0600,26.5300,5283600
2018-12-12,26.9000,26.9400,26.2700,26.3900,10773000
2018-12-11,27.0900,27.1400,26.0400,26.3000,11871900
2018-12-10,27.1890,27.2755,26.9497,27.0900,833655
2018-12-07,27.4500,28.5800,27.2000,27.8500,13693900
2018-12-06,28.0200,28.1000,27.0500,27.4000,11518400
2018-12-05,28.4100,28.6800,27.9600,28.5900,4388900
2018-12-04,29.0000,29.4000,28.2300,28.4200,13819400
2018-12-03,29.0000,29.3800,28.7100,28.9300,21530900
2018-11-30,27.5100,28.3500,27.5000,28.1300,11760000
2018-11-29,27.1900,27.9900,27.0900,27.8500,9197300
2018-11-28,28.0600,28.3700,27.1700,27.6700,19562600
2018-11-27,27.0600,28.2100,26.9700,28.0200,14957300
2018-11-26,27.1800,27.4100,26.6500,27.1000,19455500
2018-11-23,27.0500,27.0600,26.0400,26.6900,18829500
2018-11-22,27.5300,27.5300,27.0500,27.3300,4362200
2018-11-21,27.0600,27.5000,26.7000,27.3800,12110400
2018-11-19,27.8300,28.5000,27.5300,28.0300,8079500
2018-11-16,27.5000,28.1000,27.2900,28.0500,10893700
2018-11-14,26.7000,27.3500,26.3700,27.1900,11583900
2018-11-13,27.9900,28.0000,26.4400,26.7000,10117700
2018-11-12,28.1700,28.6100,27.9300,27.9900,8284100
2018-11-09,28.1100,28.5000,27.3300,28.1300,8957100
2018-11-08,29.7000,29.9300,28.2400,28.2400,9405400
2018-11-07,30.3500,30.3600,28.9300,29.2000,12060400
2018-11-06,29.9600,30.9400,29.5400,29.8600,10465900
2018-11-05,29.9000,30.6500,29.7700,30.6500,9032400
2018-11-01,30.3800,30.5800,29.5200,29.7700,10702100
2018-10-31,30.7700,31.0000,29.7600,30.3200,14667100
2018-10-30,29.2200,30.5200,28.8900,30.5200,22191400
2018-10-29,29.1300,29.7900,28.5800,28.9200,26013500
2018-10-26,29.1600,30.0000,28.5200,30.0000,18104900
2018-10-25,28.8000,29.3000,28.2300,28.9100,11470200
2018-10-24,29.2500,29.7500,28.3200,28.3200,11009100
2018-10-23,29.2400,29.4200,28.7600,29.1600,9725500
2018-10-22,29.2000,29.7500,29.0400,29.7200,6796800
2018-10-19,29.1800,29.1800,28.6900,28.9400,6340100
2018-10-18,29.4000,29.5000,28.6000,28.6500,7257700
2018-10-17,29.5200,29.7200,29.2900,29.6000,8829200
2018-10-16,29.1300,29.8000,29.1200,29.8000,8910300
2018-10-15,28.8000,29.0600,28.3600,28.7500,14763100
2018-10-11,28.9200,29.2100,27.8800,28.1000,14530900
2018-10-10,29.3500,29.5400,28.3800,28.6300,10296000
2018-10-09,29.0000,29.8100,28.6500,29.7300,15117100
2018-10-08,29.7300,29.8800,28.3400,29.1900,32960200
2018-10-05,27.1000,27.4200,26.4800,26.6600,12503200
2018-10-04,26.3000,27.3000,25.9200,26.7600,13310900
2018-10-03,28.0000,28.5000,26.2200,26.4800,27707500
2018-10-02,25.1500,25.9700,25.0300,25.8100,25549500
2018-10-01,24.3300,24.5700,23.8600,24.1800,5627200
2018-09-28,24.2400,24.9200,24.0700,24.2300,10978900
2018-09-27,24.2783,24.2906,24.2209,24.2400,589609
2018-09-26,23.4200,23.5900,23.0900,23.3600,7427400
2018-09-25,22.7400,23.4000,22.7400,23.2700,6895600
2018-09-24,23.3000,23.7000,23.1300,23.1500,5677400
2018-09-21,23.2900,23.4900,23.0700,23.2700,13891000
2018-09-20,23.4500,23.5200,22.8700,22.9900,4790500
2018-09-19,23.0000,23.4800,22.8800,23.1500,7331900
2018-09-18,22.4200,23.3200,22.4000,23.2800,9100900
2018-09-17,21.9500,22.5500,21.8500,22.4700,7409400
2018-09-14,21.8900,22.1600,21.6400,22.0000,7665400
2018-09-13,22.2100,22.3000,21.7800,21.8500,6516900
2018-09-12,21.8400,22.3700,21.7100,22.1600,9124200
2018-09-11,21.7500,22.0000,21.4600,21.5800,17508000
2018-09-10,22.3000,22.6500,22.0900,22.2000,10485200
2018-09-06,22.0300,22.1600,21.5500,21.9200,7753400
2018-09-05,21.5200,21.9000,21.1900,21.7300,10034300
2018-09-04,21.8200,21.9700,21.5200,21.5200,8424300
2018-09-03,21.9800,21.9800,21.4800,21.7500,3712800
2018-08-31,21.7400,22.2700,21.7400,22.0800,20461500
2018-08-30,22.0900,22.4900,21.5400,21.6800,10760400
2018-08-29,21.3900,22.3600,21.3900,22.1700,13284700
2018-08-28,21.3500,21.6300,21.2100,21.2400,6832200
2018-08-27,21.2700,21.4600,21.0100,21.4500,6135300
2018-08-24,21.3000,21.4800,20.9300,21.0900,6490400
2018-08-23,21.4300,21.4300,20.8800,20.9700,7816200
2018-08-22,20.4900,21.3300,20.4900,21.2600,10219000
2018-08-21,20.8900,21.1600,20.4800,20.6500,13751100
2018-08-20,20.8600,21.0300,20.6600,21.0000,7563300
2018-08-17,21.2700,21.2700,20.8700,20.9500,10101800
2018-08-16,21.5500,21.6400,21.1200,21.2900,6005200
2018-08-15,21.9600,22.0100,21.3800,21.3800,12041600
2018-08-14,22.6400,22.7200,22.1100,22.2600,5415900
2018-08-13,22.0600,22.5100,21.8800,22.4000,9073100
2018-08-10,22.4300,22.5900,22.0300,22.1600,11170000
2018-08-09,22.8500,22.9700,22.3400,22.7600,7934000
2018-08-08,23.2500,23.4800,22.7100,22.7400,8715500
2018-08-07,23.6000,23.6400,22.9200,23.2100,11463100
2018-08-06,23.2300,23.6400,23.1800,23.3000,3632200
2018-08-03,23.2500,23.8400,23.1000,23.2200,12428900
2018-08-02,22.0300,22.7300,21.9600,22.4400,7508100
2018-08-01,21.8100,22.0700,21.6800,22.0700,5106600
2018-07-31,21.8700,22.1000,21.4800,21.9400,4794700
2018-07-30,22.2000,22.3900,21.7700,22.0600,7925900
2018-07-27,21.6600,22.2100,21.6600,22.1000,4496400
2018-07-26,22.0100,22.0900,21.5600,21.6200,6512800
2018-07-25,22.1200,22.1900,21.7800,22.1800,6600900
2018-07-24,21.6800,22.2100,21.6100,21.9000,6127500
2018-07-23,21.5500,21.6500,21.2100,21.5200,3942800
2018-07-20,21.5800,21.7800,21.2100,21.4200,22732100
2018-07-19,20.4500,20.8900,20.3200,20.8900,6164500
2018-07-18,21.0000,21.1500,20.5000,20.6500,7857300
2018-07-17,20.2500,21.1100,20.2500,21.0600,6790900
2018-07-16,20.5300,20.5900,20.0000,20.3800,7373400
2018-07-13,20.6100,20.6800,20.3700,20.5800,7731900
2018-07-12,20.0900,20.6700,20.0700,20.6000,8098000
2018-07-11,19.9200,20.7100,19.8500,20.0200,12037900
2018-07-10,20.5600,20.7600,19.9800,20.1900,7551000
2018-07-06,20.0900,20.3900,19.8700,20.2200,4644900
2018-07-05,20.8100,20.9900,19.7200,20.0900,13216100
2018-07-04,19.5000,20.8000,19.4000,20.7100,5247000
2018-07-03,19.8600,20.2100,19.6700,19.7500,7983900
2018-07-02,19.1000,19.7100,19.1000,19.6800,15302800
2018-06-29,19.0000,19.5300,18.9900,19.4200,9621500
2018-06-28,19.1400,19.2800,18.7100,18.9100,13651200
2018-06-27,18.5900,19.4000,18.3700,19.0200,12358300
2018-06-26,18.3100,18.5300,17.8600,18.5200,8778700
2018-06-25,17.8700,18.2100,17.5600,18.0900,9538100
2018-06-22,17.7100,18.1500,17.5500,17.7600,7242200
2018-06-21,18.5200,18.7400,17.5300,17.6500,12297300
2018-06-20,18.3400,18.9000,18.2000,18.5800,15730900
2018-06-19,16.9800,18.3200,16.9000,17.8500,23686200
2018-06-18,17.5400,17.6300,17.2100,17.2100,10624100
2018-06-15,17.9500,17.9700,17.2300,17.8000,24184400
2018-06-14,18.2000,18.2700,17.7600,17.9800,13317300
2018-06-13,18.2700,18.2900,17.3800,17.9900,13600500
2018-06-12,18.3400,18.5800,18.0800,18.2400,13626400
2018-06-11,18.3000,18.5900,17.9100,18.3900,13162700
2018-06-08,18.7900,19.1900,17.8700,18.0000,22116000
2018-06-07,18.9900,19.1900,18.2400,18.9200,28799700
2018-06-06,19.2000,19.5200,18.8100,19.2700,17411200
2018-06-05,19.9700,20.3400,19.3100,19.3800,13077400
2018-06-04,19.9000,20.6100,19.8400,19.9800,21244500
2018-06-01,22.6000,22.8700,17.2500,18.8800,29903500
2018-05-30,21.4900,23.0900,21.2000,22.1900,28854800
2018-05-29,21.0000,22.6500,20.5300,22.2400,31627200
2018-05-28,22.3000,22.3000,19.7300,19.7900,15956400
2018-05-25,23.8100,24.4100,22.9000,23.0300,25349700
2018-05-24,23.9000,24.4200,23.0000,23.2000,36314700
2018-05-23,27.9900,28.3500,27.1500,27.1500,12677400
2018-05-22,29.0600,29.1300,28.1500,28.4200,19145800
2018-05-21,30.5600,30.8100,29.0400,29.1400,15208700
2018-05-18,29.5100,30.8000,29.2300,30.1500,17025000
2018-05-17,31.6400,31.7500,29.9200,30.2100,24012700
2018-05-16,31.0000,31.8000,30.9100,31.6300,11056100
2018-05-15,30.2600,30.9600,29.9200,30.9100,19165600
2018-05-14,29.2500,30.5700,29.2500,30.1500,16238400
2018-05-11,28.8800,29.8500,28.7900,28.9500,16246200
2018-05-10,27.6500,29.3000,27.4300,28.8400,21112100
2018-05-09,25.1800,27.3800,25.1400,27.2200,29151400
2018-05-08,25.1000,25.2700,24.3100,24.7400,12919400
2018-05-07,24.1200,25.2500,24.1100,24.7400,11243000
2018-05-04,24.2200,24.4100,23.8900,23.8900,19501100
2018-05-03,24.4000,24.5500,23.9000,24.3100,9913500
2018-05-02,24.1500,24.7900,24.1100,24.5700,8108700
2018-04-30,24.4900,24.7700,24.3700,24.6300,4790200
2018-04-27,24.4500,24.8000,24.4400,24.5200,5077500
2018-04-26,23.8400,24.4500,23.7400,24.4500,9213900
2018-04-25,23.9400,23.9400,23.3100,23.5000,8134900
2018-04-24,24.5000,24.6500,24.0200,24.2700,6614900
2018-04-23,24.2500,24.3700,23.8200,24.3500,6499400
2018-04-20,24.2200,24.5400,23.9500,24.4300,6119400
2018-04-19,24.3100,24.6500,24.1100,24.3700,7321400
2018-04-18,23.6700,24.2000,23.2900,24.0700,8855200
2018-04-17,23.0400,23.3700,22.8200,23.3100,4877000
2018-04-16,23.7100,23.7400,22.8700,22.8900,10164100
2018-04-13,24.3000,24.3800,23.6300,23.7300,9964500
2018-04-12,24.3500,24.4900,24.2200,24.3900,5049700
2018-04-11,23.7000,24.4400,23.5400,24.3500,6073300
2018-04-10,23.2200,23.9700,23.1700,23.8000,6176700
2018-04-09,23.8200,23.8200,22.8500,22.9000,7319000
2018-04-06,23.2500,23.5800,23.1300,23.5800,7985600
2018-04-05,23.3100,23.9300,23.2800,23.3400,15275400
2018-04-04,22.2900,22.8100,22.1800,22.7200,10413300
2018-04-03,22.9900,23.0900,22.6500,22.8000,5171000
2018-04-02,23.1700,23.4100,22.5600,22.7400,5529100
2018-03-29,23.0200,23.4900,23.0200,23.3600,7814800
2018-03-28,23.1900,23.3600,22.8600,23.0300,4414700
2018-03-27,24.0000,24.1200,23.1800,23.3200,6956200
2018-03-26,24.0800,24.2000,23.6200,23.9100,5625200
2018-03-23,23.4800,24.0800,23.4100,23.7100,8201900
2018-03-22,23.6600,23.9200,23.3700,23.6300,9483300
2018-03-21,22.9200,23.8600,22.8500,23.7600,9461600
2018-03-20,22.7300,23.1400,22.7300,22.8900,6251100
2018-03-19,22.9500,23.1700,22.5900,22.5900,6900300
2018-03-16,23.2500,23.5600,23.0500,23.3700,23034500
2018-03-15,23.4000,23.6300,23.0100,23.1200,19425600
2018-03-14,23.9000,23.9400,23.5100,23.6100,6314800
2018-03-13,24.1000,24.1300,23.5800,23.6700,5363100
2018-03-12,24.0900,24.2100,23.8500,23.9000,4869800
2018-03-09,23.4700,24.0200,23.2300,24.0000,6779600
2018-03-08,23.5200,23.5300,23.0300,23.3900,5668000
2018-03-07,23.6600,23.7100,22.9700,23.3600,10075800
2018-03-06,24.1100,24.3400,23.6000,23.6800,12387700
2018-03-05,23.1800,23.9600,23.1100,23.8400,8732400
2018-03-02,22.4400,23.2000,22.2100,23.1800,8601300
2018-03-01,23.0500,23.2800,22.5000,22.7700,9470600
2018-02-28,23.2000,23.4700,22.8400,23.1500,35275100
2018-02-27,23.1800,23.6100,23.1000,23.1200,9822200
2018-02-26,22.9800,23.3000,22.8600,23.1800,15717800
2018-02-23,22.2000,22.7600,22.1200,22.6500,13093400
2018-02-22,21.5100,22.2600,21.5100,22.0800,8351500
2018-02-21,21.6800,22.0300,21.4400,21.4400,11055800
2018-02-20,21.2400,21.8500,21.0300,21.6800,17774300
2018-02-19,20.8600,21.3400,20.8200,21.3000,2960300
2018-02-16,21.0000,21.0500,20.6100,20.7200,7112100
2018-02-15,20.6700,20.7900,20.3700,20.7300,8292900
2018-02-09,20.3800,20.7900,19.6700,20.0900,12824000
2018-02-08,21.0100,21.2200,20.2700,20.3500,7259400
2018-02-07,21.5900,21.8400,20.8600,20.9800,10548700
2018-02-06,20.0900,21.6100,20.0500,21.6000,17301800
2018-02-05,21.2700,21.5100,20.5700,20.5700,8990500
2018-02-02,21.7500,22.1200,21.4200,21.5400,6797200
2018-02-01,21.3000,22.1700,21.2100,22.1300,12612400
2018-01-31,21.4900,21.6500,21.3000,21.3000,9513700
2018-01-30,21.5300,21.5900,20.8200,21.1800,19950900
2018-01-29,21.4200,21.9400,21.1600,21.7100,11910900
2018-01-26,21.0300,21.7700,20.4900,21.7100,16923900
2018-01-25,21.0494,21.0669,20.9047,21.0300,144539
2018-01-24,19.5200,20.9500,19.5000,20.6300,24306600
2018-01-23,19.4000,19.5200,19.1400,19.3400,7126300
2018-01-22,19.2100,19.5700,19.2100,19.5100,7741500
2018-01-19,19.5000,19.6200,19.2200,19.3100,4134700
2018-01-18,19.4700,19.6600,19.1300,19.4400,8160700
2018-01-17,18.9200,19.4700,18.8600,19.4700,6517400
2018-01-16,18.4500,18.9300,18.4300,18.7900,7189900
2018-01-15,18.3100,18.5500,18.3100,18.4600,2308600
2018-01-12,18.1000,18.4100,18.0200,18.3600,5516100
2018-01-11,17.8900,18.2700,17.8100,18.2200,10075000
2018-01-10,18.0000,18.1100,17.7600,17.7800,4720000
2018-01-09,18.0600,18.2700,18.0100,18.1200,6570100
2018-01-08,17.6400,18.1200,17.6100,18.1200,4763400
2018-01-05,17.6900,17.8500,17.6000,17.8400,4646500
2018-01-04,17.6700,17.9000,17.6300,17.7000,6816500
2018-01-03,17.2400,17.6700,17.2100,17.5500,9771700
2018-01-02,16.9900,17.3300,16.9800,17.3300,4488000
2017-12-29,16.9854,17.0603,16.9788,16.9900,975317
2017-12-28,16.7600,16.9300,16.7600,16.9100,4767200
2017-12-27,16.8000,16.9800,16.7300,16.7600,4113900
2017-12-26,16.5000,16.7800,16.5000,16.7000,4180900
2017-12-25,16.5458,16.5581,16.4964,16.5000,682013
2017-12-22,16.6300,16.7400,16.4400,16.5900,3666900
2017-12-21,16.0000,16.6500,15.9900,16.6500,5998700
2017-12-20,15.8000,16.0000,15.7700,15.9600,3848600
2017-12-19,15.8200,15.8500,15.6300,15.7600,8028400
2017-12-18,15.7800,16.0300,15.7300,15.8400,12158900
2017-12-15,15.8100,16.0600,15.5600,15.5600,17398800
2017-12-14,15.8500,16.0800,15.7000,15.8100,9545800
2017-12-13,16.3800,16.4900,15.8300,15.9400,15472400
2017-12-12,15.9800,16.1900,15.8300,16.1900,8759900
2017-12-11,15.9500,16.1000,15.9400,15.9700,4930700
2017-12-08,16.1400,16.2800,15.8900,15.8900,7945000
2017-12-07,15.8100,16.1100,15.5000,15.8600,10844500
2017-12-06,15.9000,16.2300,15.7300,16.0000,8097500
2017-12-05,16.0500,16.4300,15.8200,15.9200,7054300
2017-12-04,16.1200,16.4300,15.9100,16.0900,9104900
2017-12-01,15.9400,16.3100,15.8300,16.1100,5903600
2017-11-30,15.9000,16.0600,15.6400,15.9500,20700400
2017-11-29,16.2800,16.4400,15.8000,15.9100,11070700
2017-11-28,16.3400,16.5000,16.2700,16.2800,6567000
2017-11-27,16.4000,16.5000,16.2000,16.3200,4618300
2017-11-24,16.7400,16.7600,16.4800,16.5500,3473900
2017-11-23,16.5000,16.6600,16.3500,16.6400,1826100
2017-11-22,16.4600,16.7400,16.4000,16.5000,7984500
2017-11-21,16.6200,16.8300,16.2900,16.3600,8117300
2017-11-20,16.6806,16.7591,16.5529,16.6200,833313
2017-11-17,16.4800,16.6300,16.2900,16.5200,4917300
2017-11-16,16.2900,16.5200,16.0500,16.3500,9141600
2017-11-15,16.3993,16.4321,16.2713,16.2900,201869
2017-11-14,17.4800,17.4800,16.0000,16.0500,17832300
2017-11-13,17.5300,17.6100,17.2700,17.4800,7117400
2017-11-10,17.4600,17.6100,17.3200,17.5300,5812300
2017-11-09,17.5700,17.7800,17.5000,17.5000,6174700
2017-11-08,17.3100,17.7400,17.2700,17.7400,8413500
2017-11-07,17.9900,18.0600,17.2600,17.2700,14368300
2017-11-06,17.8000,18.1400,17.7000,18.1000,7585900
2017-11-03,17.6600,17.8000,17.4200,17.7100,8713400
2017-11-02,17.6281,17.6737,17.4880,17.6600,931722
2017-11-01,17.6600,17.7800,17.5400,17.5400,9374200
2017-10-31,17.4200,17.5500,17.2800,17.4200,7163100
2017-10-30,17.2600,17.6300,17.1600,17.3500,14336400
2017-10-27,17.1200,17.6100,17.0200,17.4000,7860900
2017-10-26,17.0200,17.2300,16.9700,17.1000,6116300
2017-10-25,16.8600,17.0500,16.7800,17.0200,8929600
2017-10-24,16.5000,16.8900,16.5000,16.8500,8450900
2017-10-23,16.6300,16.6300,16.4800,16.5000,5471700
2017-10-20,16.5500,16.7000,16.5400,16.5500,5061000
2017-10-19,16.5000,16.5500,16.3400,16.5000,4941400
2017-10-18,16.6700,16.7500,16.5600,16.6100,6516900
2017-10-17,16.6600,16.7100,16.4800,16.6100,4527100
2017-10-16,16.6000,16.8100,16.5300,16.6400,5418400
2017-10-13,16.7000,16.8500,16.5400,16.5800,10298600
2017-10-12,16.6326,16.7085,16.6040,16.7000,803621
2017-10-11,16.7500,16.7800,16.5300,16.6400,5839700
2017-10-10,16.6800,16.7600,16.5400,16.7200,6147600
2017-10-09,16.2600,16.4800,16.2000,16.4800,3544800
2017-10-06,16.3500,16.4000,16.1700,16.3700,7050700
2017-10-05,16.4900,16.7900,16.4500,16.5700,8763600
2017-10-04,16.5000,16.6200,16.2400,16.3100,8733400
2017-10-03,16.1000,16.6600,16.0400,16.6400,13086000
2017-10-02,15.7700,15.9000,15.6200,15.9000,5372300
2017-09-29,16.0700,16.0900,15.8100,15.8100,5518500
2017-09-28,15.9900,16.1300,15.7600,15.9100,6340400
2017-09-27,16.2700,16.3000,15.7300,15.8800,8642000
2017-09-26,16.3300,16.4400,16.1400,16.1400,11194400
2017-09-25,16.2900,16.4400,16.1700,16.3200,6297700
2017-09-22,16.1000,16.3100,15.8400,16.2000,4764800
2017-09-21,16.3200,16.4300,16.0500,16.1800,8251600
2017-09-20,15.8500,16.3800,15.6500,16.3800,11331300
2017-09-19,15.7500,15.8300,15.5700,15.7800,4561900
2017-09-18,15.6200,15.8400,15.5300,15.7300,5663600
2017-09-15,15.7100,15.8600,15.5400,15.5800,18402800
2017-09-14,15.6000,15.9400,15.5800,15.6500,5416500
2017-09-13,15.4800,15.7500,15.3800,15.6800,7089700
2017-09-12,15.5100,15.7000,15.4000,15.4000,5009900
2017-09-11,15.3800,15.5500,15.2600,15.5200,7500100
2017-09-08,15.6100,15.7700,15.1000,15.1900,7245800
2017-09-07,15.5731,15.6485,15.5066,15.6100,80112
2017-09-06,15.1500,15.5700,15.0400,15.5000,12104300
2017-09-05,15.0100,15.1500,14.7300,14.8500,10838400
2017-09-04,14.5900,14.7200,14.5000,14.7200,3216800
2017-09-01,14.1900,14.7200,14.1400,14.6000,17270300
2017-08-31,14.0000,14.2000,13.8600,13.9700,35994400
2017-08-30,14.2600,14.3400,13.8500,13.8800,13100800
2017-08-29,14.3300,14.3600,14.2100,14.3000,10289400
2017-08-28,14.6000,14.6300,14.2800,14.4000,7853800
2017-08-25,14.4200,14.5800,14.4200,14.4800,3046700
2017-08-24,14.3800,14.4600,14.2700,14.4000,4298000
2017-08-23,14.4000,14.4300,14.1000,14.3200,5510400
2017-08-22,14.1500,14.3600,14.0700,14.3100,9845400
2017-08-21,14.1000,14.1000,13.7500,13.8000,6257700
2017-08-18,13.6800,14.0700,13.6200,14.0400,9210700
2017-08-17,13.5800,13.7900,13.5300,13.6000,4924600
2017-08-16,13.6800,13.8600,13.5700,13.5800,8927500
2017-08-15,13.6100,13.7800,13.5500,13.6200,5549900
2017-08-14,13.5000,13.7400,13.4000,13.6000,5935300
2017-08-11,13.5500,13.6300,13.3600,13.5100,7153100
2017-08-10,13.9800,14.0900,13.5500,13.6200,5219600
2017-08-09,13.9000,14.0100,13.8000,13.9700,4277600
2017-08-08,14.0000,14.1900,13.9000,13.9000,6333000
2017-08-07,13.8100,14.0500,13.8100,14.0200,6314700
2017-08-04,13.9000,13.9400,13.7300,13.9000,4133000
2017-08-03,14.1000,14.1800,13.7900,13.8200,4969400
2017-08-02,13.7100,14.1900,13.6600,14.0300,7903200
2017-08-01,13.7200,13.8100,13.5600,13.6800,5387500
2017-07-31,13.7200,13.8300,13.5600,13.8000,8528000
2017-07-28,13.5500,13.7300,13.5000,13.6400,4538800
2017-07-27,13.6500,13.7000,13.5100,13.6100,4030800
2017-07-26,13.8200,13.8400,13.5300,13.5400,4481300
2017-07-25,13.5500,13.8300,13.4500,13.7700,5246500
2017-07-24,13.4100,13.5700,13.3700,13.4300,4341600
2017-07-21,13.5900,13.5900,13.2600,13.2900,3761100
2017-07-20,13.8900,13.9400,13.5800,13.6300,5053200
2017-07-19,13.6800,13.8400,13.5800,13.8400,6786500
2017-07-18,13.5400,13.6000,13.4000,13.6000,9052600
2017-07-17,13.5800,13.6400,13.4100,13.4500,3897700
2017-07-14,13.5700,13.6700,13.4900,13.6200,4525900
2017-07-13,13.6000,13.7000,13.4200,13.5500,5431600
2017-07-12,13.4000,13.6200,13.2000,13.5800,15287300
2017-07-11,12.7400,13.2100,12.6100,13.0700,6839300
2017-07-10,12.6400,12.7600,12.4700,12.7000,4673200
2017-07-07,12.9100,12.9400,12.5300,12.6800,7605100
2017-07-06,13.1600,13.2200,12.8200,12.9300,7878600
2017-07-05,13.2200,13.3700,13.0100,13.0600,6795700
2017-07-04,13.3200,13.3500,13.2400,13.3200,1354500
2017-07-03,13.2500,13.3600,13.0700,13.2800,4417000
2017-06-30,13.1100,13.3000,12.9900,13.2000,4807300
2017-06-29,13.0500,13.1300,12.9100,13.0100,4015900
2017-06-28,13.0100,13.0900,12.7500,12.8800,5407400
2017-06-27,13.1800,13.3600,12.9200,12.9900,5791500
2017-06-26,13.0800,13.2000,12.9800,13.0900,5813200
2017-06-23,13.1000,13.1200,12.8100,12.8900,8229000
2017-06-22,12.9300,13.0700,12.8200,13.0500,7988000
2017-06-21,13.0000,13.2400,12.6500,12.7800,6008600
2017-06-20,13.1600,13.2200,12.8100,13.0100,11466300
2017-06-19,13.4500,13.5200,13.2900,13.3300,7993700
2017-06-16,13.4600,13.5500,13.1300,13.4900,30966400
2017-06-15,13.4788,13.5155,13.4263,13.4600,313837
2017-06-14,13.8600,13.9800,13.4800,13.5400,13814100
2017-06-13,13.8300,13.9100,13.6500,13.8700,4019300
2017-06-12,13.9000,13.9300,13.6500,13.7800,9117800
2017-06-09,13.7300,13.9600,13.7000,13.7800,6994900
2017-06-08,13.6800,13.8700,13.5600,13.7000,9705100
2017-06-07,14.1000,14.1600,13.6600,13.6800,7594800
2017-06-06,13.9700,14.0700,13.7500,13.9900,10808800
2017-06-05,13.6100,14.0000,13.6100,13.9800,4157700
2017-06-02,13.5400,13.7900,13.4500,13.7400,4401100
2017-06-01,13.8300,14.0000,13.5400,13.5400,11511500
2017-05-31,14.1200,14.1600,13.6200,13.6200,16530600
2017-05-30,14.3800,14.4900,14.1500,14.1700,5677500
2017-05-29,14.3989,14.4147,14.2569,14.3800,343010
2017-05-26,14.2000,14.6700,14.1800,14.5500,9425500
2017-05-25,14.8000,15.1700,14.4500,14.4600,6965000
2017-05-24,14.6300,14.9800,14.4800,14.8100,10423900
2017-05-23,14.2900,14.4900,14.2400,14.4200,6753100
2017-05-22,14.2600,14.4500,14.0300,14.3100,14132700
2017-05-19,14.7100,14.9500,14.4100,14.4100,19265200
2017-05-18,12.9000,14.8700,12.9000,14.2700,54590500
2017-05-17,16.1000,16.2700,16.0000,16.1000,5608900
2017-05-16,16.3400,16.3400,15.9500,16.1900,7979200
2017-05-15,16.2100,16.3600,16.1400,16.1900,7591100
2017-05-12,16.1000,16.1600,15.7400,15.9300,14946600
2017-05-11,15.4300,15.5300,15.2500,15.3200,4441700
2017-05-10,15.0600,15.5000,15.0000,15.3500,7284300
2017-05-09,14.8400,14.9500,14.6100,14.8800,6352400
2017-05-08,14.7100,15.0500,14.6200,14.7200,6774400
2017-05-05,14.6267,14.7409,14.6038,14.7100,674810
2017-05-04,14.3000,14.4500,14.0200,14.0600,14736100
2017-05-03,14.4400,14.6100,14.2800,14.4500,10387800
2017-05-02,14.3900,14.7000,14.2300,14.3600,9332900
2017-04-28,14.1900,14.6400,14.1500,14.3600,5386100
2017-04-27,14.4500,14.5700,13.9800,14.2000,5193900
2017-04-26,14.5300,14.9600,14.4200,14.4200,8417200
2017-04-25,14.3300,14.7100,14.1800,14.6800,6962300
2017-04-24,14.5200,14.5700,14.2500,14.3900,4884800
2017-04-20,14.2500,14.4000,14.0800,14.2700,7316200
2017-04-19,14.5800,14.6300,13.9500,14.0500,8012000
2017-04-18,14.5800,14.7100,14.3500,14.4600,7723400
2017-04-17,14.6400,14.6500,14.3200,14.6500,8161100
2017-04-13,15.1000,15.1900,14.5100,14.5100,5412100
2017-04-12,15.2000,15.3900,15.1400,15.1900,11315100
2017-04-11,15.6500,15.6700,15.1000,15.2500,9582200
2017-04-10,15.5000,15.6500,15.3600,15.6300,9009300
2017-04-07,15.3800,15.5200,15.2400,15.3700,6677000
2017-04-06,15.2500,15.5500,15.0400,15.2800,8197800
2017-04-05,15.6100,15.7500,15.1700,15.3300,11486700
2017-04-04,15.2500,15.5000,15.1300,15.4300,4447400
2017-04-03,15.1600,15.3700,15.1200,15.3200,6573600
2017-03-31,15.0800,15.3400,14.9700,15.1500,5528100
2017-03-30,15.2800,15.2800,14.9900,15.1000,6181200
2017-03-29,14.6500,15.1900,14.6200,15.1600,7603600
2017-03-28,14.4700,14.6900,14.4100,14.6800,12531500
2017-03-27,14.0200,14.4400,13.6900,14.4300,6017700
2017-03-24,14.3200,14.3900,13.9900,14.1700,10118900
2017-03-23,14.0600,14.4400,13.9600,14.1400,10482500
2017-03-22,13.8100,14.2700,13.7500,14.1500,14386800
2017-03-21,14.2200,14.2200,13.4800,13.7000,10733100
2017-03-20,13.6500,14.2400,13.6500,14.1800,9613900
2017-03-17,14.5400,14.5600,13.7200,13.8500,41683900
2017-03-16,14.7600,14.8500,14.2900,14.3800,6937100
2017-03-15,14.5900,14.7600,14.2800,14.7500,15990400
2017-03-14,14.7300,14.7800,14.1000,14.3700,9045500
2017-03-13,14.9000,14.9600,14.6600,14.9300,5685800
2017-03-10,15.0500,15.2300,14.6300,14.7900,10410900
2017-03-09,14.7400,14.9200,14.4300,14.8100,9841900
2017-03-08,15.9500,15.9500,14.8800,14.9000,12830400
2017-03-07,15.8900,16.1800,15.8400,15.8800,6756600
2017-03-06,15.8700,16.1100,15.7400,15.8800,5906400
2017-03-03,15.9900,16.0500,15.8000,15.9500,5551400
2017-03-02,16.4400,16.4400,15.7800,15.8500,10399800
2017-03-01,16.3700,16.5700,16.3000,16.4300,6731600
2017-02-24,16.2800,16.3500,15.9000,15.9600,8976700
2017-02-23,16.8600,16.9800,16.3000,16.4800,8718500
2017-02-22,17.1300,17.1300,16.4800,16.6000,8723300
2017-02-21,17.2800,17.4300,17.0300,17.1600,9437100
2017-02-20,16.8100,17.2100,16.7800,17.0800,2138200
2017-02-17,16.8300,16.9800,16.6900,16.7200,5547600
2017-02-16,16.8900,17.0500,16.8100,16.9700,9962800
2017-02-15,16.9700,17.0400,16.7300,16.8600,12253600
2017-02-14,16.6200,17.0000,16.5800,16.8100,10816300
2017-02-13,16.5000,16.7500,16.4500,16.5600,8043800
2017-02-10,16.0500,16.4400,16.0500,16.3500,9503800
2017-02-09,16.1900,16.3200,15.9100,15.9600,7296500
2017-02-08,15.8800,16.1000,15.4000,16.1000,16409000
2017-02-07,16.1500,16.1800,15.7500,15.7700,5886100
2017-02-06,16.3600,16.5100,15.9100,15.9700,8355600
2017-02-03,15.9800,16.3400,15.8300,16.3400,11630000
2017-02-02,16.2200,16.4500,15.8500,15.9000,9084300
2017-02-01,16.4800,16.7000,16.0100,16.1200,7537900
2017-01-31,16.3000,16.6900,16.1500,16.1900,8176800
2017-01-30,16.2147,16.4215,16.1872,16.3000,845700
2017-01-27,17.5100,17.5100,16.9800,17.0800,8488000
2017-01-26,17.7300,17.8100,17.3500,17.3900,10499600
2017-01-24,18.0000,18.3200,17.7300,17.7300,7706200
2017-01-23,17.7400,18.0700,17.5900,17.9800,4884400
2017-01-20,18.1300,18.2500,17.8300,17.8300,6395100
2017-01-19,18.1900,18.1900,17.7800,17.9300,3799500
2017-01-18,18.1700,18.2000,17.9400,18.0300,3714600
2017-01-17,18.3200,18.3800,18.1500,18.1700,5241300
2017-01-16,18.4200,18.4200,18.1200,18.2500,2255400
2017-01-13,18.3300,18.4200,18.0800,18.2200,4126100
2017-01-12,18.7700,18.8500,18.3000,18.3500,7868900
2017-01-11,17.7900,18.0900,17.5000,18.0500,5919300
2017-01-10,17.6200,17.8700,17.5200,17.6100,6200000
2017-01-09,17.5800,17.6400,17.2100,17.3200,5174300
2017-01-06,17.7700,17.8700,17.3500,17.4900,4240600
2017-01-05,17.6100,17.9400,17.6000,17.7600,6139800
2017-01-04,17.6000,17.7600,17.2100,17.3700,6254000
2017-01-03,16.7900,17.8100,16.7700,17.5800,10110500
2017-01-02,16.7000,16.7900,16.5200,16.5300,1781200
2016-12-29,17.0100,17.1100,16.6300,16.9400,4372300
2016-12-28,16.7000,17.1000,16.5800,16.9800,4227600
2016-12-27,16.9000,16.9600,16.5300,16.6900,3989900
2016-12-26,16.7500,16.8300,16.6500,16.7300,1117400
2016-12-23,16.3500,16.7300,16.2900,16.5700,5448100
2016-12-22,16.7100,16.7400,16.1900,16.3500,10540400
2016-12-21,16.7800,16.8600,16.3600,16.5500,6856700
2016-12-20,16.7500,16.9500,16.4200,16.6400,7497700
2016-12-19,17.3600,17.3900,16.6200,16.6700,4786700
2016-12-16,17.6000,17.6300,17.2000,17.2200,13490300
2016-12-15,17.6000,17.6900,17.0200,17.4300,10392100
2016-12-14,18.2500,18.3500,17.5900,17.5900,14056800
2016-12-13,18.3400,18.5700,17.9600,18.2300,9080900
2016-12-12,18.4000,18.7300,18.2500,18.3500,8661700
2016-12-09,18.5100,18.6700,18.1300,18.1900,10113300
2016-12-08,18.4800,18.5200,17.9600,18.3600,9855800
2016-12-07,18.6700,18.7600,18.1900,18.3200,12857100
2016-12-06,18.1800,18.6600,17.8900,18.6100,15923400
2016-12-05,18.7400,18.9200,17.8800,18.0200,11138000
2016-12-02,17.8500,18.7100,17.5700,18.6500,15807800
2016-12-01,18.4700,19.1400,18.0300,18.2100,25129700
2016-11-30,17.8100,18.6000,17.7400,18.4700,18539400
2016-11-29,17.6500,17.6500,16.6300,16.7000,7668400
2016-11-28,17.4400,17.8300,17.4100,17.6300,6853900
2016-11-25,17.1100,17.7200,17.1100,17.5800,4984600
2016-11-24,17.8800,17.9700,17.5600,17.5600,4136200
2016-11-23,17.5500,17.9900,17.3500,17.8000,9087400
2016-11-22,17.6000,17.7200,17.1000,17.6900,7489300
2016-11-21,16.8500,17.2700,16.6900,17.2600,11782700
2016-11-18,16.4600,16.6800,16.1900,16.4200,7774100
2016-11-17,17.2100,17.4200,16.4200,16.4600,8449200
2016-11-16,16.9900,17.1600,16.4700,16.9500,10265700
2016-11-14,16.0000,16.3700,15.8000,16.2700,15507300
2016-11-11,16.8500,17.8600,16.0500,16.3300,33572100
2016-11-10,18.4300,18.8600,17.1400,17.3400,18725500
2016-11-09,17.2700,18.4600,17.0600,18.2500,25509800
2016-11-08,18.3000,18.5500,17.8500,18.0800,6710600
2016-11-07,17.9900,18.4000,17.7600,18.3200,9740800
2016-11-04,17.4000,17.5500,17.0300,17.1500,11199000
2016-11-03,17.7100,18.0300,17.1700,17.1700,11947500
2016-11-01,18.7200,18.8100,17.7100,17.9300,12893400
2016-10-31,19.1300,19.2900,18.3400,18.6400,13079400
2016-10-28,19.1100,19.4400,19.0000,19.1300,10468300
2016-10-27,19.2200,19.5500,19.0600,19.2500,10520000
2016-10-26,18.8000,19.3700,18.7200,19.2100,12865400
2016-10-25,19.4700,19.5500,18.7500,18.9700,10268700
2016-10-24,19.5200,19.7200,19.0700,19.3800,16685500
2016-10-21,19.0000,19.3500,18.7400,19.3200,11443700
2016-10-20,18.7700,18.9600,18.4800,18.9600,11076700
2016-10-19,19.0700,19.2400,18.8500,18.9900,11147000
2016-10-18,18.5500,18.9500,18.4600,18.7900,15007900
2016-10-17,17.9000,18.4100,17.7300,18.4100,10098400
2016-10-14,17.6900,17.9200,17.5900,17.9000,11309100
2016-10-13,17.0400,17.5900,16.7100,17.5000,11931600
2016-10-11,17.4700,17.5000,16.7800,17.0800,9772800
2016-10-10,17.1200,17.6300,17.1000,17.4900,13174600
2016-10-07,16.9000,17.1100,16.7200,16.9500,12601400
2016-10-06,16.2000,16.8900,16.1500,16.8000,12237900
2016-10-05,15.8200,16.2700,15.8000,16.1000,12881200
2016-10-04,15.6200,15.7500,15.4300,15.6100,12083100
2016-10-03,15.2900,15.6500,15.1800,15.5900,9285200
2016-09-30,15.2200,15.4500,15.0200,15.1400,10193800
2016-09-29,15.2700,15.4900,14.9800,15.0700,9164700
2016-09-28,14.8000,15.4100,14.6200,15.3300,10151000
2016-09-27,14.7000,14.7200,14.1800,14.6500,8197700
2016-09-26,14.9000,14.9600,14.6600,14.7000,6602400
2016-09-23,15.4300,15.5000,14.8000,14.9700,12389800
2016-09-22,15.6500,15.7600,15.4600,15.5400,9765100
2016-09-21,15.1500,15.3900,15.0000,15.3400,13962700
2016-09-20,15.2100,15.4600,15.0200,15.0500,12004300
2016-09-19,15.1900,15.3200,14.8400,14.8900,5894000
2016-09-16,15.2000,15.2600,14.8900,14.9000,12051100
2016-09-15,15.1600,15.5700,15.0200,15.2900,9303600
2016-09-14,15.0000,15.2800,14.7700,14.9400,9956400
2016-09-13,15.6900,15.8800,14.7600,14.8100,13450900
2016-09-12,15.4400,16.1000,15.4000,16.0300,9557000
2016-09-09,16.0500,16.1500,15.5000,15.5000,9089800
2016-09-08,16.0500,16.4500,15.9600,16.3900,9276500
2016-09-06,16.1035,16.1391,16.0092,16.0500,398981
2016-09-05,15.8200,16.1400,15.8200,16.0800,3585700
2016-09-02,15.1500,15.6800,15.1300,15.6300,12646400
2016-09-01,14.7900,15.1300,14.6400,14.8700,11314800
2016-08-31,15.3000,15.4400,14.6100,14.7400,12896300
2016-08-30,15.3500,15.5700,15.1800,15.1800,9105200
2016-08-29,14.9500,15.4200,14.8200,15.1900,9682700
2016-08-26,14.9400,15.1600,14.7600,14.9600,9549900
2016-08-25,14.7000,14.9300,14.6200,14.8500,6818700
2016-08-24,14.7500,15.0500,14.6100,14.6400,8019000
2016-08-23,14.5600,15.1700,14.4900,14.9300,9546800
2016-08-22,14.9000,14.9300,14.4200,14.4700,7997000
2016-08-19,15.0700,15.2700,14.9300,15.0600,5372800
2016-08-18,14.9900,15.4000,14.9300,15.1800,11293600
2016-08-17,14.5400,14.9800,14.4200,14.9100,10734400
2016-08-16,14.6300,14.8600,14.2900,14.6600,9273300
2016-08-15,14.0200,14.5400,13.9700,14.5200,11999800
2016-08-12,13.6000,14.2200,13.6000,13.9100,9601500
2016-08-11,13.2000,13.7400,13.1600,13.6800,8627600
2016-08-10,13.7900,13.8000,13.1300,13.1600,8104700
2016-08-09,13.7500,13.9900,13.4700,13.6800,14873300
2016-08-08,13.3800,13.9300,13.3800,13.7500,8091000
2016-08-05,13.6600,13.6800,13.2300,13.2600,7594600
2016-08-04,13.5500,13.7300,13.4100,13.5700,11109500
2016-08-03,13.0500,13.5700,12.8400,13.5500,11324100
2016-08-02,13.1900,13.5600,12.9200,12.9700,10422800
2016-08-01,14.0400,14.2000,13.1900,13.1900,10835900
2016-07-29,13.5700,14.1600,13.5700,14.0100,14208800
2016-07-28,13.4800,13.5500,13.1800,13.3400,6354400
2016-07-27,13.8600,13.9500,13.5800,13.6000,12297400
2016-07-26,13.6800,13.8400,13.5800,13.7400,8019300
2016-07-25,13.9800,14.1000,13.6400,13.7600,7808000
2016-07-22,13.8500,13.8600,13.5600,13.7500,5327100
2016-07-21,13.5800,13.9500,13.5800,13.8000,5610400
2016-07-20,13.8100,13.8800,13.5400,13.6500,7650600
2016-07-19,13.7100,13.9500,13.5600,13.8300,8463500
2016-07-18,13.1500,13.7900,13.0900,13.6600,12433100
2016-07-15,13.3500,13.4800,13.1000,13.2200,10908600
2016-07-14,13.3500,13.3900,12.9700,13.3200,11253400
2016-07-13,13.0600,13.1800,12.5700,12.9900,11526200
2016-07-12,13.1500,13.4800,13.1100,13.2900,10939400
2016-07-11,12.5000,12.8900,12.4000,12.8900,8959600
2016-07-08,12.2300,12.4800,12.1300,12.3000,8401600
2016-07-07,11.9100,12.6200,11.8000,11.9700,19077100
2016-07-06,11.1500,11.7400,11.0100,11.6900,8514500
2016-07-05,11.7200,11.8500,11.2200,11.3400,7323100
2016-07-04,12.1100,12.3300,11.9900,12.0200,2096200
2016-07-01,11.5500,12.1400,11.4200,12.0600,9532100
2016-06-30,11.4500,11.5500,11.2500,11.5100,9797100
2016-06-29,11.4800,11.7900,11.3100,11.5700,9054800
2016-06-28,11.2300,11.4200,11.0600,11.2500,10626500
2016-06-27,11.4300,11.5200,10.6300,10.8000,19702800
2016-06-24,11.2000,11.6100,11.0400,11.4300,15420500
2016-06-23,11.9200,12.0700,11.8300,12.0500,9435200
2016-06-22,12.0100,12.2600,11.6500,11.6500,10140100
2016-06-21,11.7000,12.0000,11.3700,11.9400,8962500
2016-06-20,11.7200,11.9700,11.6000,11.7300,13260500
2016-06-17,11.0100,11.5000,11.0100,11.3900,14227500
2016-06-16,10.5400,10.7700,10.3100,10.7700,11684400
2016-06-15,10.4600,10.9900,10.3900,10.6400,18401100
2016-06-14,10.7900,10.9900,10.3000,10.4800,12015200
2016-06-13,10.8800,11.1300,10.7000,10.8200,8768400
2016-06-10,11.3900,11.5300,11.0300,11.0300,10598400
2016-06-09,11.9600,12.0200,11.6200,11.7500,6550100
2016-06-08,11.2500,12.1300,11.2500,12.0500,13273700
2016-06-07,10.7500,11.2800,10.6800,11.1300,13049700
2016-06-06,10.9800,11.0400,10.7400,10.8000,8077800
2016-06-03,10.7900,10.9900,10.6700,10.8100,8140300
2016-06-02,10.3800,10.7500,10.2000,10.7000,8740700
2016-06-01,10.1500,10.5200,9.9500,10.4100,10780400
2016-05-31,10.6000,10.9500,10.1800,10.1800,18808400
2016-05-30,10.4500,10.9200,10.2500,10.5800,2647000
2016-05-27,10.8500,11.0000,10.4600,10.4900,6963100
2016-05-25,11.1300,11.4200,10.9900,11.1000,10917500
2016-05-24,11.3000,11.5000,10.9200,11.0900,9698200
2016-05-23,10.9000,11.2300,10.8400,11.0400,10352100
2016-05-20,11.7600,12.1500,11.3300,11.3300,11506700
2016-05-19,11.9000,11.9100,11.1200,11.5100,9408400
2016-05-18,12.2000,12.5400,12.0100,12.0100,11337000
2016-05-17,12.6600,12.7800,12.2300,12.4000,9704800
2016-05-16,12.2400,12.9200,12.2400,12.5400,7985200
2016-05-13,12.7800,12.9600,11.9100,12.1200,12468200
2016-05-12,13.0600,13.3500,12.6000,12.7100,8719800
2016-05-11,13.0500,13.3400,12.5600,12.9100,8727600
2016-05-10,12.4300,12.8500,12.2700,12.8500,8368300
2016-05-09,12.9300,12.9400,11.6400,12.0700,14992000
2016-05-06,12.3500,13.1300,12.2700,12.9300,6254900
2016-05-05,13.4300,13.5400,12.3500,12.6400,8752100
2016-05-04,12.9000,13.3000,12.8000,12.9600,9468600
2016-05-03,13.2000,13.2000,12.6900,12.8200,8180300
2016-05-02,13.3300,13.5300,12.8400,13.2700,7876000
2016-04-29,13.7500,13.8400,13.1100,13.2700,11832800
2016-04-28,13.4600,13.9700,13.2800,13.5700,13095600
2016-04-27,12.9800,13.4700,12.9100,13.4000,19030200
2016-04-26,12.4800,12.9400,12.3900,12.7800,9609100
2016-04-25,12.8000,13.1000,12.2300,12.3600,8756900
2016-04-22,12.1400,13.2100,12.1400,12.9000,17158500
2016-04-20,12.1000,12.6100,12.0300,12.3400,22798700
2016-04-19,11.9200,12.4800,11.8000,12.3600,16100
2016-04-18,11.8800,12.3000,11.0900,11.7700,15257500
2016-04-15,11.5900,12.2500,11.2900,11.9500,16220900
2016-04-14,11.9500,12.1100,11.3100,11.4700,16036300
2016-04-13,11.7100,12.0700,11.3900,11.8300,140600
2016-04-12,10.6200,11.5200,10.5500,11.3500,30000
2016-04-11,10.6000,10.7500,10.3600,10.4200,227200
2016-04-08,10.4000,10.6700,10.3800,10.4900,17219200
2016-04-07,9.9900,10.0600,9.7300,9.9400,29500
2016-04-06,9.7600,10.1600,9.7100,9.7300,64400
2016-04-05,9.5200,10.0700,9.3900,9.8200,48700
2016-04-04,10.1600,10.4500,9.5200,9.6000,25100
2016-04-01,10.1272,10.1836,10.0743,10.1600,248112
2016-03-31,10.6300,10.9000,10.4800,10.6300,24100
2016-03-30,10.9000,11.2900,10.6300,10.7000,20811100
2016-03-29,10.5000,10.9400,10.2300,10.6300,14787100
2016-03-28,10.4500,10.7300,9.9900,10.6300,12959100
2016-03-24,9.6600,10.1800,9.3600,9.9900,14529800
2016-03-23,10.2000,10.3300,9.8600,9.9200,14058300
2016-03-22,10.0000,10.5900,9.8500,10.4800,21415900
2016-03-21,10.1900,10.4900,10.0300,10.2500,10381000
2016-03-18,10.5500,10.5900,9.8400,10.3000,27464600
2016-03-17,10.5200,10.6600,10.0200,10.4400,36588400
2016-03-16,8.9100,9.6900,8.7700,9.6000,21836600
2016-03-15,8.9900,9.1700,8.7100,8.9100,26944700
2016-03-14,10.1600,10.1900,9.5200,9.5400,16408600
2016-03-11,9.8000,10.2500,9.5700,10.0900,14230000
2016-03-10,9.8300,9.9400,9.2300,9.8100,31324900
2016-03-09,9.9600,10.0900,9.4000,9.5600,28823300
2016-03-08,9.9000,10.5200,9.3700,9.6500,35828200
2016-03-07,10.2000,10.4000,9.6700,9.9100,22803500
2016-03-04,9.1100,10.5100,9.1100,9.9800,52918800
2016-03-03,8.3000,9.3600,8.2300,9.1100,50863300
2016-03-02,7.4700,8.1400,7.3800,8.1000,19386300
2016-03-01,7.5900,7.6700,7.2100,7.5700,21920700
2016-02-29,7.1500,7.4800,7.1000,7.3500,17867800
2016-02-26,7.2400,7.3500,6.8700,6.8900,10907400
2016-02-25,6.9600,7.3000,6.8500,6.9800,13320200
2016-02-24,6.8300,7.1500,6.7400,7.0300,14172300
2016-02-23,7.2600,7.7500,7.0300,7.0800,20439100
2016-02-22,6.7100,7.4200,6.6500,7.4100,22126000
2016-02-19,6.5300,6.5500,6.3100,6.3800,10001500
2016-02-18,6.8000,7.0700,6.5800,6.6000,14730400
2016-02-17,6.4100,6.9700,6.4100,6.7800,24782600
2016-02-16,6.4400,6.6600,6.2900,6.2900,13694000
2016-02-15,6.5200,6.6000,6.4300,6.4300,3822100
2016-02-12,6.1700,6.4200,6.0600,6.3100,14200200
2016-02-11,5.8900,6.0500,5.7800,5.9100,12812600
2016-02-10,6.0400,6.2100,6.0200,6.1200,11824000
2016-02-05,6.6100,6.8200,6.3900,6.3900,14089800
2016-02-04,6.3000,7.0000,6.0600,6.6700,27839800
2016-02-03,6.1000,6.3200,5.9300,6.1800,15966400
2016-02-02,6.3800,6.5500,6.0200,6.0200,13664300
2016-02-01,6.8100,7.0400,6.5500,6.5800,17751700
2016-01-29,6.6100,6.9700,6.4100,6.9300,29053400
2016-01-28,6.7000,7.3600,6.2300,6.5200,25596800
2016-01-27,5.9800,6.7900,5.9000,6.5400,21493300
2016-01-26,6.1000,6.2400,5.8600,5.9600,13040400
2016-01-22,6.6000,6.7600,6.2100,6.2100,26399700
2016-01-21,5.9400,6.4700,5.9100,6.2900,19709900
2016-01-20,5.9300,5.9900,5.6700,5.9300,12696100
2016-01-19,5.9120,5.9329,5.8859,5.9300,626395
2016-01-18,6.7600,6.7700,6.3000,6.3000,5738000
2016-01-15,6.9400,7.0400,6.6100,6.7100,16477400
2016-01-14,6.8000,7.2800,6.6000,7.2300,14608000
2016-01-13,7.1800,7.2800,6.8000,6.8000,14299300
2016-01-12,7.6200,7.6400,6.8300,7.0000,15797700
2016-01-11,7.8900,7.8900,7.5200,7.5800,8459800
2016-01-08,8.0000,8.0400,7.6800,7.8600,10759800
2016-01-07,7.7200,8.0700,7.6500,7.8300,10777500
2016-01-06,8.2200,8.2500,8.0600,8.0600,9908400
2016-01-05,8.7300,8.8900,8.3500,8.4500,9146500
2016-01-04,8.3100,8.9600,8.3100,8.6700,16912500
2015-12-30,8.5700,8.6300,8.3700,8.5700,8649000
2015-12-29,8.7100,8.8900,8.5100,8.5700,5183400
2015-12-28,8.8700,8.8700,8.5700,8.6100,5461400
2015-12-23,8.7400,8.9800,8.7000,8.8800,11095900
2015-12-22,8.4100,8.6000,8.1900,8.5400,7498300
2015-12-21,8.6700,8.7500,8.1800,8.3100,10087400
2015-12-18,8.5100,8.8400,8.5100,8.6600,16447100
2015-12-17,9.2000,9.3600,8.8200,8.8200,11469100
2015-12-16,8.9900,9.0900,8.7400,8.9500,9814000
2015-12-15,8.8900,9.1400,8.8800,9.1000,8283500
2015-12-14,8.7900,8.9300,8.6100,8.7700,12345400
2015-12-11,9.0200,9.3900,8.8400,8.8500,20315400
2015-12-10,9.3000,9.4600,9.0700,9.2000,23037500
2015-12-09,8.9000,9.6500,8.7800,9.4600,23192200
2015-12-08,8.6500,8.7400,8.3600,8.5400,12474800
2015-12-07,9.2100,9.2700,8.6200,8.6400,15425300
2015-12-04,9.7500,10.0000,9.0500,9.1300,22133300
2015-12-03,9.9400,10.3000,9.6200,9.8000,25525400
2015-12-02,9.2700,9.4700,9.1000,9.4700,18471600
2015-12-01,9.3500,9.5600,9.2100,9.2400,13847500
2015-11-30,9.2500,9.7100,9.1200,9.4100,31244800
2015-11-27,9.6000,9.6900,9.3300,9.3300,12721400
2015-11-26,9.6900,9.8800,9.5900,9.7000,6929600
2015-11-25,10.1700,10.2800,9.6600,9.6600,18576000
2015-11-24,9.8100,10.5800,9.8000,10.4500,16262500
2015-11-23,9.6500,9.8700,9.5000,9.8500,14279900
2015-11-19,9.7300,9.7300,9.2300,9.5100,17951800
2015-11-18,9.4500,9.8000,9.4300,9.5200,12316400
2015-11-17,9.5000,9.6400,9.3000,9.4200,13719700
2015-11-16,8.8400,9.4000,8.8400,9.3800,16794400
2015-11-13,8.9000,9.1000,8.6700,8.7800,31428600
2015-11-12,9.1700,9.3100,9.0200,9.0200,11921000
2015-11-11,9.3100,9.5200,9.1600,9.2600,16809600
2015-11-10,9.2300,9.3400,9.0900,9.2100,12190600
2015-11-09,9.5300,9.7400,9.2600,9.2700,14441800
2015-11-06,9.8400,9.9400,9.4100,9.5800,10719800
2015-11-05,9.9000,10.1000,9.6600,9.9000,9185400
2015-11-04,10.5700,10.8000,9.8700,9.8900,13726800
2015-11-03,9.5800,10.5600,9.5100,10.5600,19280400
2015-10-30,9.2500,9.5300,9.1800,9.3800,9324600
2015-10-29,9.2800,9.8000,9.2800,9.3000,13885300
2015-10-28,9.2100,9.7200,9.2000,9.4000,1022500
2015-10-27,9.6000,9.6300,9.2200,9.2400,9332100
2015-10-26,9.7500,9.8800,9.5100,9.6100,7240100
2015-10-23,10.0500,10.0500,9.6400,9.6900,12267300
2015-10-22,9.5500,9.9100,9.5400,9.7800,10755200
2015-10-21,9.7000,9.7900,9.4000,9.4900,9749100
2015-10-20,9.8000,10.0000,9.6300,9.8000,12460400
2015-10-19,9.6900,9.7100,9.4300,9.6700,11924800
2015-10-16,9.6500,9.8700,9.4300,9.7000,11176500
2015-10-15,9.6800,9.7100,9.2300,9.6600,14049600
2015-10-14,9.7600,10.0000,9.5000,9.5600,29349200
2015-10-13,10.2300,10.3300,9.7800,9.8400,17862500
2015-10-09,11.0800,11.1800,10.5800,10.7100,27296100
2015-10-08,10.4400,10.9500,10.1400,10.7500,18560100
2015-10-07,10.4500,11.0000,10.1800,10.4000,30096000
2015-10-06,9.5800,10.1300,9.5000,9.8900,15749600
2015-10-05,9.3600,9.7700,9.2700,9.4000,16608900
2015-10-02,8.3400,9.3800,8.2700,9.1500,21661700
2015-10-01,8.7000,8.8600,8.2900,8.3700,15479600
2015-09-30,8.6000,8.6200,8.2000,8.5400,32369200
2015-09-29,7.7100,8.1700,7.7100,7.8500,19091900
2015-09-28,8.0100,8.0500,7.6600,7.6700,11763500
2015-09-25,8.4000,8.6100,7.9800,8.0800,16702000
2015-09-24,8.0600,8.6000,8.0000,8.3000,18437200
2015-09-23,8.4000,8.5900,8.0600,8.2600,20278100
2015-09-22,8.5100,8.5200,8.1600,8.3500,10890500
2015-09-21,8.9700,9.0500,8.6200,8.6200,8479000
2015-09-18,9.2000,9.2500,8.8000,8.9100,19306000
2015-09-17,9.3900,9.6000,9.2200,9.2800,19159500
2015-09-16,8.8800,9.5700,8.8400,9.4800,18979000
2015-09-15,8.9000,9.0300,8.6400,8.7300,12618000
2015-09-14,8.8400,9.0000,8.5700,8.8300,16543500
2015-09-11,9.2000,9.3000,8.8100,8.8100,16753500
2015-09-10,9.1500,9.5700,9.1500,9.3100,24682100
2015-09-09,10.2000,10.3900,9.6800,9.6800,28047900
2015-09-08,10.1700,10.2700,9.9400,10.0500,16840600
2015-09-04,10.1000,10.3300,9.9000,9.9000,16385300
2015-09-03,10.3300,10.8300,10.0400,10.2400,29821100
2015-09-02,10.1800,10.2900,9.6400,10.2000,34904000
2015-09-01,10.1800,10.5200,9.8900,9.9500,21529300
2015-08-31,10.0000,10.7900,9.8300,10.6200,34033000
2015-08-28,9.9100,10.8400,9.9100,10.2800,37019400
2015-08-27,9.3900,10.2000,9.3300,10.1600,27674900
2015-08-26,9.1500,9.2200,8.8700,9.1300,26004500
2015-08-25,9.1400,9.3300,8.8500,8.8800,24453800
2015-08-24,8.5000,9.1800,8.3500,8.7000,34899000
2015-08-21,9.5400,9.5900,9.1900,9.2000,18503700
2015-08-20,9.6400,10.0000,9.5300,9.6900,15925300
2015-08-19,10.0200,10.1300,9.6000,9.7700,17922900
2015-08-18,10.2200,10.3000,9.8300,10.0200,15321100
2015-08-17,10.3100,10.4600,10.2000,10.2000,12965100
2015-08-14,10.6400,10.8000,10.3500,10.3500,8850400
2015-08-13,11.0200,11.1200,10.5800,10.5800,9585300
2015-08-12,10.9500,11.2200,10.8100,11.0300,18856200
2015-08-11,10.9300,10.9700,10.4900,10.9700,14126800
2015-08-10,10.7500,11.1200,10.4600,11.0100,15674700
2015-08-07,11.3000,11.7000,10.6000,10.6100,22485800
2015-08-06,10.9000,11.5000,10.6900,11.4600,27305000
2015-08-05,11.4000,11.6400,10.9700,10.9900,13005800
2015-08-04,11.0300,11.5100,11.0300,11.1100,12994100
2015-08-03,11.5100,11.5500,10.8500,10.9800,22954600
2015-07-31,11.5800,11.8500,11.3900,11.5800,15944600
2015-07-30,11.9000,12.0600,11.2800,11.5200,13193500
2015-07-29,11.0100,11.8600,10.9400,11.8000,19029300
2015-07-28,10.6200,11.3200,10.5700,10.9800,22546300
2015-07-27,10.9700,11.0500,10.4200,10.4200,18864800
2015-07-24,11.3800,11.4200,10.8300,11.0900,16118300
2015-07-23,11.3000,11.7200,11.1600,11.2900,19147700
2015-07-22,11.7200,11.8400,11.3500,11.3800,13559000
2015-07-21,11.9700,12.4100,11.6800,11.8500,15436700
2015-07-20,12.6700,12.7700,11.8300,11.8600,14647600
2015-07-17,13.2000,13.2800,12.6100,12.6200,14855200
2015-07-16,13.3100,13.4100,13.1900,13.2700,6559300
2015-07-15,13.4600,13.5800,13.1000,13.1800,13722000
2015-07-14,13.1800,13.6200,13.0500,13.5100,8628800
2015-07-13,13.3500,13.3800,13.0100,13.2700,7983700
2015-07-10,13.4100,13.4900,13.2100,13.2700,8650300
2015-07-08,13.0400,13.4200,12.7500,12.9800,12906300
2015-07-07,12.8300,13.2600,12.0800,13.1600,24852200
2015-07-06,12.8600,13.1100,12.5900,12.8500,18756800
2015-07-03,13.6400,13.7200,12.8900,12.9500,7678100
2015-07-02,13.7500,13.9700,13.5300,13.6400,13286400
2015-07-01,14.1900,14.2200,13.3900,13.5200,18193300
2015-06-30,14.2500,14.3600,13.9200,14.0300,12991600
2015-06-29,14.3700,15.0500,13.9500,14.0500,21444700
2015-06-26,14.1700,14.6900,14.0600,14.6500,11722500
2015-06-25,14.6600,14.7500,13.9500,13.9800,17846600
2015-06-24,14.5000,14.8500,14.5000,14.6200,17173700
2015-06-23,14.7000,14.9100,14.3500,14.3500,24852900
2015-06-22,14.7000,14.7600,14.4400,14.5500,9231800
2015-06-19,14.6200,14.9000,14.4600,14.5100,17847400
2015-06-18,14.5700,14.8100,14.5000,14.8000,9447000
2015-06-17,14.7600,14.9200,14.4600,14.4900,14400600
2015-06-16,14.2700,14.7800,14.1100,14.6800,20616700
2015-06-15,14.1100,14.3200,14.0600,14.2000,9154200
2015-06-12,13.8400,14.2400,13.8400,14.1800,18974100
2015-06-11,14.2400,14.2600,13.9900,14.1500,15312200
2015-06-10,14.2700,14.5000,14.0600,14.1500,12712600
2015-06-09,13.6200,14.2600,13.6200,14.0500,41491900
2015-06-08,13.5400,13.7600,13.4300,13.5500,8166900
2015-06-05,13.5300,13.8300,13.3500,13.5200,11812100
2015-06-03,13.9500,14.2000,13.7200,13.8300,16170700
2015-06-02,13.3700,13.9300,13.3700,13.8500,16598900
2015-06-01,13.3200,13.5300,13.1300,13.2500,9073100
2015-05-29,13.6700,13.7300,13.2300,13.2500,19021600
2015-05-28,13.3800,13.7500,13.3000,13.6100,9775400
2015-05-27,13.4500,13.6700,13.2500,13.5200,13331200
2015-05-26,13.8500,13.9900,13.3500,13.3600,13851600
2015-05-25,13.9700,13.9800,13.6500,13.8300,6484700
2015-05-22,14.5000,14.6500,13.8700,14.1000,14196800
2015-05-21,13.6800,14.5600,13.6800,14.4200,16444700
2015-05-20,13.6400,14.0400,13.4900,13.7000,14096600
2015-05-19,14.6000,14.6400,13.6300,13.7500,22139500
2015-05-18,15.7200,15.7400,14.3900,14.6400,19513500
2015-05-15,14.9000,15.2000,14.5800,15.0500,17299000
2015-05-14,15.0000,15.2500,14.6700,14.8100,15787100
2015-05-13,14.7600,15.2700,14.7000,14.9200,13965800
2015-05-12,14.6600,15.1000,14.6500,14.7000,10066000
2015-05-11,14.5400,14.7900,14.3400,14.6700,14503400
2015-05-08,15.0000,15.0700,14.2500,14.5000,11081300
2015-05-07,14.9500,15.2500,14.3600,14.6500,16840700
2015-05-06,15.9700,16.2600,14.7100,14.8100,31965700
2015-05-05,14.9000,15.9200,14.8600,15.6600,30121400
2015-05-04,14.5000,15.1100,14.4600,15.0400,22172800
2015-04-30,13.6500,14.3200,13.6500,14.2500,19747400
2015-04-29,13.4400,13.8800,13.3400,13.7300,15088800
2015-04-28,13.8000,13.8600,12.8300,13.6300,23739400
2015-04-27,14.3000,14.5700,13.6300,13.6300,20522700
2015-04-24,14.3800,15.0300,14.1700,14.7000,48600500
2015-04-23,12.8200,14.2100,12.4600,14.0600,83646500
2015-04-22,13.2400,13.5100,12.8900,13.3100,19900900
2015-04-20,13.4100,13.6400,13.1800,13.2400,13112200
2015-04-17,12.8700,13.5000,12.7300,13.2700,22521500
2015-04-16,13.3100,13.4200,12.6200,13.0700,43217400
2015-04-15,12.6900,13.4500,12.5700,13.4300,28386200
2015-04-14,12.8400,12.9000,12.2300,12.4500,25220000
2015-04-13,12.0000,12.8300,12.0000,12.4200,31381900
2015-04-10,11.4100,11.9500,11.2600,11.8300,18826500
2015-04-09,10.6300,11.5600,10.5700,11.5400,23812300
2015-04-08,11.0500,11.2500,10.4300,10.5600,24057800
2015-04-07,10.6000,10.9000,10.4100,10.8300,15768100
2015-04-06,10.7200,10.9400,10.5700,10.5800,11421800
2015-04-02,10.0600,10.6400,10.0200,10.6000,15862500
2015-04-01,9.8000,10.2600,9.7000,10.0800,19197100
2015-03-31,9.5500,9.7800,9.3100,9.5800,9525900
2015-03-30,9.3800,9.6200,9.3000,9.5900,11144500
2015-03-27,9.2000,9.4700,9.0500,9.2200,14525900
2015-03-26,9.8100,9.8500,9.2000,9.2300,21363700
2015-03-25,9.3000,9.7800,9.3000,9.7200,31587700
2015-03-24,9.1700,9.3300,9.0700,9.2400,9696700
2015-03-23,9.1700,9.3200,9.0500,9.2200,9867300
2015-03-20,8.8900,9.1600,8.7300,9.1600,27842600
2015-03-19,9.0500,9.0700,8.6600,8.6900,11472400
2015-03-18,8.7000,9.1100,8.4900,9.0900,19371200
2015-03-17,8.2000,8.7600,8.1500,8.7100,24537000
2015-03-16,8.3000,8.3300,7.9800,8.2500,17238000
2015-03-13,8.0900,8.2600,7.9300,8.1500,31001700
2015-03-12,8.6900,8.7900,8.2100,8.2800,14975800
2015-03-11,8.4200,8.5600,8.3400,8.4700,16459800
2015-03-10,8.6600,8.8200,8.2900,8.3200,22419600
2015-03-09,9.0500,9.1000,8.7700,8.7900,15704800
2015-03-06,9.1500,9.2600,9.0900,9.0900,10129200
2015-03-05,9.2500,9.3000,9.1000,9.2100,17478900
2015-03-04,9.3000,9.4000,9.1500,9.1500,12520600
2015-03-03,9.4500,9.6500,9.3800,9.5100,11906300
2015-03-02,9.3600,9.6500,9.1500,9.2800,11029100
2015-02-27,9.2500,9.6000,9.0600,9.4800,17673200
2015-02-26,9.3200,9.4400,9.0800,9.2000,12633400
2015-02-25,9.0400,9.3200,8.9300,9.3000,32387000
2015-02-24,9.4800,9.7900,9.4800,9.7400,15043400
2015-02-23,9.4900,9.4900,9.2600,9.3800,11294700
2015-02-20,9.6800,9.7500,9.4300,9.5400,9923900
2015-02-19,9.8900,9.8900,9.5200,9.6400,12300100
2015-02-18,9.8800,10.2100,9.8000,9.9500,15097200
2015-02-13,9.4500,9.9600,9.4500,9.7800,20922500
2015-02-12,9.1700,9.3800,9.1300,9.3700,19248800
2015-02-11,8.9500,9.0800,8.6500,8.8500,11451100
2015-02-10,9.0700,9.7200,8.8300,8.8300,16487700
2015-02-09,8.8700,9.4100,8.6600,9.2000,19170100
2015-02-06,9.6900,9.7000,8.8200,9.0300,33525300
2015-02-05,9.7600,10.1400,9.6100,9.6600,19204200
2015-02-04,10.0000,10.6000,9.4900,9.9000,35123000
2015-02-03,8.8900,9.7900,8.8800,9.7900,20471800
2015-02-02,8.2800,8.5700,8.0100,8.5700,13921700
2015-01-30,8.0300,8.1700,7.8800,8.0400,35742100
2015-01-29,8.7100,8.8000,8.0000,8.4700,54051700
2015-01-28,9.0300,9.1200,8.4600,8.6300,30769100
2015-01-27,9.4700,9.8800,9.1400,9.6400,18123800
2015-01-26,9.4100,9.5500,9.2100,9.5400,13347600
2015-01-23,9.6600,10.1600,9.4600,9.5200,11862600
2015-01-22,9.6600,10.1600,9.6000,9.8100,25931200
2015-01-21,9.1000,9.4800,8.9400,9.4600,12346000
2015-01-20,9.2500,9.5500,8.7700,8.8900,17440000
2015-01-19,9.2300,9.2700,8.8300,8.8800,8273500
2015-01-16,9.2700,9.5300,9.1400,9.2300,21205500
2015-01-15,8.7900,9.2800,8.6400,9.2500,27271300
2015-01-14,8.7500,8.7700,8.4300,8.5000,17690000
2015-01-13,8.7300,9.2100,8.7300,8.8300,22219700
2015-01-12,9.2400,9.4600,8.6600,8.7700,23207000
2015-01-09,9.0900,9.2900,8.7800,9.2900,20691700
2015-01-08,8.6000,9.2600,8.5200,9.0200,37487300
2015-01-07,8.3000,8.5100,8.0800,8.4500,34128300
2015-01-06,8.2800,8.5300,7.7800,8.0600,29754600
2015-01-05,8.6400,8.9600,8.2500,8.2700,25730600
2015-01-02,9.5800,9.6700,9.0000,9.0000,12710900
2014-12-30,9.9400,9.9600,9.5900,9.5900,9278100
2014-12-29,9.8000,10.1100,9.6800,9.8700,7091100
2014-12-26,10.5000,10.5000,9.8000,9.8500,5723500
2014-12-23,10.0000,10.5500,9.8200,10.5000,11662600
2014-12-22,9.5300,9.9100,9.3100,9.9100,14860400
2014-12-19,9.3200,9.4900,9.1500,9.4400,19927400
2014-12-18,9.2800,9.7100,8.9100,9.0200,31133400
2014-12-17,8.8000,9.2200,8.6600,9.0400,37439100
2014-12-16,8.0500,9.0600,8.0000,8.7000,37208700
2014-12-15,9.4900,9.6000,8.5200,8.5200,42165900
2014-12-12,9.8700,9.9300,9.4600,9.4600,15727000
2014-12-11,10.1000,10.2600,9.6000,10.0400,26315100
2014-12-10,10.4900,10.5600,10.0700,10.1100,18620700
2014-12-09,10.3900,10.6200,10.0900,10.5500,20736200
2014-12-08,11.4500,11.4500,10.6500,10.7200,15116000
2014-12-05,11.5400,11.6100,11.2800,11.4500,21666100
2014-12-04,12.1000,12.1500,11.4100,11.4300,15019100
2014-12-03,11.5900,12.0500,11.5000,12.0000,13707400
2014-12-02,11.7000,11.8500,11.3600,11.4600,168619622
2014-12-01,11.7800,11.8200,11.4400,11.5700,310419426
2014-11-28,12.8500,12.8800,12.1500,12.1800,11731500
2014-11-27,13.4500,13.8000,12.6200,12.7500,7838100
2014-11-26,13.6300,13.6400,13.2200,13.2700,14106900
2014-11-25,13.6400,14.1500,13.1000,13.2800,34940400
2014-11-24,14.1600,14.5000,13.3100,13.4300,34614100
2014-11-21,12.6000,13.8500,12.5500,13.6300,28072400
2014-11-19,11.9000,12.5500,11.8700,12.2600,20033800
2014-11-18,12.2100,12.4400,11.5300,11.9400,28607800
2014-11-17,12.7400,12.8200,12.0700,12.1300,19567100
2014-11-14,12.4900,12.9200,12.4200,12.7800,20041100
2014-11-13,13.7100,13.8600,13.1200,13.1300,14200300
2014-11-12,13.4900,13.9700,13.3300,13.5400,9831100
2014-11-11,13.3900,13.6100,13.1200,13.4900,13384200
2014-11-10,13.8800,13.8800,13.3900,13.4100,13069100
2014-11-07,13.7500,14.1700,13.1000,13.7700,29633100
2014-11-06,13.7500,13.7700,13.3300,13.5500,16967200
2014-11-05,14.0100,14.1700,13.8200,13.8600,15712300
2014-11-04,14.3500,14.3900,13.8200,14.2500,12493700
2014-11-03,14.4400,14.4600,13.9000,14.2500,15982500
2014-10-31,13.8000,14.6500,13.7900,14.6500,16048200
2014-10-30,14.0100,14.1600,13.4700,13.7800,20705100
2014-10-29,14.1200,14.2500,13.5300,13.5300,27488400
2014-10-28,14.5000,14.5700,14.1700,14.5100,30985100
2014-10-27,14.4773,14.5135,14.4432,14.5000,705726
2014-10-24,15.2900,16.2600,15.0800,15.7000,30966700
2014-10-23,15.8100,15.9000,15.0100,15.0500,53174100
2014-10-22,16.2200,16.7400,15.8700,16.0500,20367700
2014-10-21,16.2056,16.2382,16.1777,16.2200,610329
2014-10-20,16.1725,16.3427,16.1439,16.2056,564185
2014-10-17,18.3900,18.5300,17.7200,18.1800,21864500
2014-10-16,18.0700,18.4900,17.5700,17.6400,42770300
2014-10-15,19.5200,19.7000,18.5100,19.0200,40994900
2014-10-14,20.5100,21.1500,20.0900,20.4200,24596800
2014-10-13,20.0000,21.0400,19.8700,20.7500,30853800
2014-10-10,20.0365,20.0779,19.9654,20.0000,945377
2014-10-09,20.0900,20.5200,19.9100,19.9600,28730100
2014-10-08,20.3500,20.5100,18.7400,19.5800,32130800
2014-10-07,19.6800,20.4500,19.3700,19.9500,46531500
2014-10-06,20.2600,20.3900,18.9000,19.2000,62466400
2014-10-03,16.7600,17.5100,16.4400,17.5000,20093200
2014-10-02,16.6200,16.9900,16.1500,16.5900,21991800
2014-10-01,16.8200,17.0500,16.2700,16.4000,38887500
2014-09-30,17.6000,17.7300,16.8700,17.2500,33624300
2014-09-29,18.1100,18.2500,17.6100,17.7500,39663700
2014-09-26,18.9000,20.0900,18.8200,19.8200,8907200
2014-09-25,19.0900,19.1000,18.7800,18.8200,7918900
2014-09-24,18.9000,19.4600,18.7600,19.0900,10500100
2014-09-23,19.0000,19.8100,18.8800,19.0600,14147200
2014-09-22,19.3000,19.4700,18.6800,19.4000,25515900
2014-09-19,19.8600,20.3100,19.6400,19.8500,13488800
2014-09-18,20.6500,20.8600,20.0900,20.2100,14963700
2014-09-17,21.0000,21.2500,20.6200,20.8600,16267100
2014-09-16,19.6500,21.1700,19.5900,20.3100,29333600
2014-09-15,19.1700,19.5600,19.0300,19.4600,11683700
2014-09-12,19.7400,19.9400,18.8500,19.1200,27209900
2014-09-11,20.1600,20.5700,19.9000,20.1300,12149000
2014-09-10,20.1400,20.4500,19.5700,19.9000,19921700
2014-09-09,20.4300,21.1700,20.1300,20.3900,32169800
2014-09-08,22.2500,22.5000,20.4100,20.6900,28706100
2014-09-05,21.6900,22.2300,21.3600,21.7300,25516900
2014-09-04,22.0000,22.7600,21.6100,21.7000,24522000
2014-09-03,23.5000,23.5000,22.3400,22.7800,22866100
2014-09-02,22.5900,23.5000,22.0500,23.2900,28189600
2014-09-01,22.6100,23.2500,22.3000,22.4800,8696800
2014-08-29,21.8400,22.1900,21.3000,22.0800,27937700
2014-08-28,21.4500,21.9800,21.3500,21.4500,19559100
2014-08-27,21.0600,21.9400,20.7400,21.6200,30696600
2014-08-26,20.7500,21.2400,20.5500,20.6500,18048500
2014-08-25,19.9000,20.7900,19.8900,20.7500,10508200
2014-08-22,19.9300,20.0500,19.5400,19.7200,8882500
2014-08-21,20.0100,20.3600,19.8400,20.1000,12081200
2014-08-20,19.6500,20.2000,19.5200,20.1200,15831700
2014-08-19,18.8000,19.7100,18.8000,19.6900,10233600
2014-08-18,19.1700,19.3600,18.6500,19.0800,13838300
2014-08-15,17.8900,18.8800,17.8200,18.8400,19506900
2014-08-14,17.4600,17.8400,17.2700,17.4800,14987100
2014-08-13,18.5600,18.6700,17.4100,17.5100,46848700
2014-08-12,18.7500,18.9300,18.3600,18.4600,8641800
2014-08-11,18.1500,18.8100,18.0200,18.7700,11843200
2014-08-08,18.4400,18.4900,18.0400,18.1400,11988100
2014-08-07,19.2800,19.3300,18.5300,18.8000,13484300
2014-08-06,18.5000,19.1500,18.3200,19.0400,18293200
2014-08-05,18.3000,18.7900,18.0800,18.3700,12891700
2014-08-04,18.0000,18.3500,17.7200,18.2700,6312800
2014-08-01,17.9500,18.1300,17.6000,17.8600,10688200
2014-07-31,18.4000,18.5000,17.9000,17.9900,16964100
2014-07-30,18.5400,18.8700,18.4500,18.6800,8038600
2014-07-29,18.9500,18.9500,18.3900,18.4300,15409400
2014-07-28,19.3000,19.3400,18.8800,18.9600,6745700
2014-07-25,19.1000,19.3300,18.9900,19.2400,7683600
2014-07-24,19.1500,19.1500,18.7100,19.0100,12644600
2014-07-23,19.1500,19.3500,18.8300,19.0100,19350900
2014-07-22,19.4500,19.7400,19.1500,19.4800,17539900
2014-07-21,19.1100,19.5800,18.8500,19.4700,18944400
2014-07-18,19.3000,19.3000,18.7400,19.1700,36093500
2014-07-17,17.7000,18.4800,17.7000,18.1800,26747400
2014-07-16,17.8500,17.8800,17.5700,17.8500,16290700
2014-07-15,17.7000,17.9600,17.4300,17.7500,19573200
2014-07-14,17.2200,17.8100,17.1600,17.6600,31768400
2014-07-11,16.9500,17.1100,16.6100,17.0100,11096900
2014-07-10,16.6000,16.9900,16.3700,16.9800,13593000
2014-07-08,16.1600,16.2000,15.9800,16.1400,4841700
2014-07-07,16.2400,16.3000,15.9500,16.1300,5887400
2014-07-04,16.3000,16.4400,16.2100,16.3300,641600
2014-07-03,15.9600,16.3900,15.9200,16.3400,5998100
2014-07-02,16.0200,16.2500,15.8700,16.0900,6853100
2014-07-01,16.2600,16.3400,15.8400,16.0500,6138900
2014-06-30,16.0800,16.3300,15.9400,16.2400,6235300
2014-06-27,16.1600,16.3300,16.0100,16.0500,4541200
2014-06-26,16.3800,16.4600,15.9800,16.2000,7841600
2014-06-25,16.2200,16.7600,16.1600,16.2300,12272300
2014-06-24,17.1500,17.8100,16.5400,16.7900,19933800
2014-06-23,17.5500,17.6100,17.2500,17.2500,5032800
2014-06-20,17.6000,17.9000,17.4200,17.5600,7728400
2014-06-18,17.3500,17.9200,17.2200,17.9200,16155000
2014-06-17,17.5500,17.6000,17.0800,17.2900,3869400
2014-06-16,17.8100,17.9000,17.5400,17.6300,10448500
2014-06-13,17.5000,17.8500,17.3700,17.8500,14633800
2014-06-11,17.6300,17.7000,17.1300,17.6700,19804800
2014-06-10,16.9000,17.4400,16.6400,17.1700,12091400
2014-06-09,16.6100,17.0700,16.3400,16.9000,15688700
2014-06-06,16.5000,16.6700,16.1300,16.6700,13521000
2014-06-05,15.8000,15.9000,15.4200,15.4800,4870600
2014-06-04,16.0100,16.0100,15.6000,15.7500,3904000
2014-06-03,15.6500,16.0200,15.5500,15.9600,4465000
2014-06-02,15.8600,15.9200,15.4800,15.6600,9743600
2014-05-30,16.1000,16.1900,15.6100,15.6100,14090300
2014-05-29,16.5900,16.6900,16.2000,16.2300,5405900
2014-05-28,16.4100,16.6700,16.2200,16.5500,8619500
2014-05-27,16.9300,16.9500,16.3600,16.4100,7901100
2014-05-26,16.7000,16.8500,16.6100,16.7800,1707800
2014-05-23,16.5300,16.8200,16.4500,16.6000,4475300
2014-05-22,16.5500,16.7800,16.3400,16.5600,7118100
2014-05-21,16.3400,16.7500,16.1200,16.4600,12874900
2014-05-20,16.7300,17.2400,16.1800,16.2400,23533400
2014-05-19,16.9000,16.9600,16.6200,16.8300,6559000
2014-05-16,17.0700,17.3300,16.7800,16.9000,8771400
2014-05-15,17.1700,17.2500,16.9300,17.0300,5084400
2014-05-14,17.0900,17.3500,16.9200,17.3300,6376100
2014-05-13,17.0700,17.3800,16.9200,17.0400,7044100
2014-05-12,16.8900,17.0800,16.7900,17.0800,6293400
2014-05-09,16.8200,17.1600,16.6500,16.6600,8746600
2014-05-08,17.3900,17.5900,16.6200,16.8200,11398400
2014-05-07,17.0100,17.6200,16.8100,17.4000,17318800
2014-05-06,16.2900,17.2800,16.2000,17.0500,15087100
2014-05-05,16.3800,16.5300,16.1500,16.4000,11064100
2014-05-02,15.5800,16.3700,15.4900,16.2200,25919100
2014-04-30,15.6100,15.8100,15.4600,15.6800,7693500
2014-04-29,15.7500,16.1700,15.6100,15.7500,13172500
2014-04-28,15.0100,15.6500,14.8600,15.6500,14109000
2014-04-25,15.1000,15.2500,14.8200,15.1200,12621400
2014-04-24,15.4300,15.4600,15.0600,15.2900,8635600
2014-04-23,15.2300,15.3400,15.0100,15.2200,13718600
2014-04-22,15.5500,15.9100,15.1500,15.2400,12963000
2014-04-17,15.2500,15.9400,14.9000,15.6300,14346200
2014-04-16,14.9400,15.2400,14.7800,15.0800,8012400
2014-04-15,15.2100,15.4900,14.5400,14.8300,13831800
2014-04-14,15.7000,15.7400,15.2600,15.3600,5563100
2014-04-11,15.0600,15.6500,14.8600,15.6100,8331500
2014-04-10,15.1500,15.4200,15.0100,15.1700,7131100
2014-04-09,15.4000,15.4000,14.8300,15.2300,13790100
2014-04-08,16.0800,16.4300,15.1200,15.4000,25069500
2014-04-07,15.1500,15.9200,15.0800,15.8500,22397200
2014-04-04,15.2000,15.3600,14.8900,14.9000,13751200
2014-04-03,15.1700,15.2100,14.6500,15.0500,17920700
2014-04-02,15.0400,15.8300,15.0300,15.1200,19188900
2014-04-01,14.9600,15.0800,14.7000,15.0500,12958400
2014-03-31,15.1000,15.1000,14.7600,14.9600,10726100
2014-03-28,14.8000,15.0500,14.5200,15.0100,14432100
2014-03-27,13.8800,14.9700,13.8800,14.8200,29252900
2014-03-26,14.1300,14.2000,13.7700,13.7800,9141600
2014-03-25,13.9000,14.1100,13.6700,14.0500,10139400
2014-03-24,13.6800,14.0000,13.4400,13.9400,15454200
2014-03-21,12.9300,13.6500,12.9000,13.5000,18278300
2014-03-20,12.7500,13.5500,12.6800,13.4300,20122000
2014-03-19,12.3500,12.9700,12.3400,12.8000,11706600
2014-03-18,12.1000,12.5000,12.0100,12.3700,17138200
2014-03-17,12.2000,12.2900,12.0100,12.0200,11162700
2014-03-14,12.4300,12.4700,12.0800,12.1000,14971000
2014-03-13,12.6700,12.7700,12.3200,12.4100,7848900
2014-03-12,12.4000,12.8300,12.4000,12.5800,13211800
2014-03-11,12.4800,12.6100,12.4000,12.4800,18238100
2014-03-10,12.6800,12.7600,12.3200,12.4800,17699700
2014-03-07,12.9000,13.1900,12.6400,12.7000,24028400
2014-03-06,12.8100,13.1400,12.7100,12.9300,8343200
2014-03-05,13.1300,13.1600,12.7100,12.7100,11797400
2014-02-28,13.4200,13.4400,12.9700,12.9900,13885000
2014-02-27,13.0700,13.4000,12.8700,13.3300,7375100
2014-02-26,13.0880,13.1457,13.0640,13.0700,532715
2014-02-25,13.6400,13.8400,13.2000,13.2800,6285400
2014-02-24,13.4100,13.7400,13.2100,13.6400,5697500
2014-02-21,13.4000,13.5000,13.2900,13.4000,8196200
2014-02-20,13.2200,13.5500,13.2100,13.3600,5859800
2014-02-19,13.2400,13.4000,13.1400,13.4000,8231700
2014-02-18,13.5000,13.6900,13.2900,13.2900,7206100
2014-02-17,13.7200,13.7700,13.4200,13.4700,2710100
2014-02-14,13.8500,13.8500,13.5800,13.7300,4408200
2014-02-13,13.8300,13.8700,13.5200,13.7200,7285800
2014-02-12,14.1100,14.1700,13.8500,14.0000,5850700
2014-02-11,13.7400,14.1500,13.6400,14.0300,8517500
2014-02-10,13.5300,13.7400,13.4000,13.6200,7093900
2014-02-07,13.3600,13.6200,13.2200,13.5300,10742900
2014-02-06,13.1500,13.4900,13.0600,13.3000,8809100
2014-02-05,13.2700,13.4600,12.7400,12.9600,11914400
2014-02-04,13.2000,13.3900,13.0400,13.2700,9886400
2014-02-03,13.6700,13.7400,13.1000,13.1000,24463700
2014-01-31,13.5600,14.0500,13.4800,13.7700,13717300
2014-01-30,13.8500,14.0300,13.5800,13.6400,8099800
2014-01-29,14.0400,14.1000,13.6800,13.7500,14636600
2014-01-28,14.3900,14.4200,14.0000,14.0200,8814000
2014-01-27,14.1700,14.2600,13.9200,14.0200,10320800
2014-01-24,14.4400,14.4400,13.9600,14.0800,10283900
2014-01-23,14.7400,14.9200,14.4500,14.4500,7565300
2014-01-22,14.5300,14.8700,14.3100,14.7900,7607800
2014-01-21,14.3700,14.3900,14.3600,14.3500,6592400
2014-01-20,14.6000,14.7000,14.2100,14.3000,4697500
2014-01-17,14.8600,14.8900,14.5600,14.6100,8775900
2014-01-16,15.1400,15.2300,14.7000,14.7100,12732400
2014-01-15,14.7400,15.1800,14.6500,15.1200,9846000
2014-01-14,14.6800,14.7900,14.6000,14.6500,7135700
2014-01-13,15.1000,15.1100,14.6500,14.7100,9433400
2014-01-10,14.8900,15.2500,14.7500,15.0100,8113500
2014-01-09,15.2300,15.2800,14.7400,14.8000,9136300
2014-01-08,15.2700,15.4100,15.2000,15.2100,7033300
2014-01-07,15.7500,15.8800,15.2000,15.2000,9621000
2014-01-06,15.3900,15.6900,15.1800,15.6900,9944600
2014-01-03,15.8400,15.8900,15.3400,15.5000,16304100
2014-01-02,16.0600,16.1500,15.7300,15.8200,9517100
2013-12-30,16.0000,16.3000,15.9100,15.9900,4805500
2013-12-27,15.8700,15.9500,15.6900,15.9100,5830800
2013-12-26,16.0400,16.0400,15.7300,15.8000,7098000
2013-12-23,15.8700,16.0500,15.7100,15.8700,6184600
2013-12-20,16.1100,16.1100,15.6700,15.8000,10723800
2013-12-19,15.9100,16.0500,15.6400,16.0500,5797300
2013-12-18,15.7500,15.9500,15.5800,15.7100,9307500
2013-12-17,15.9500,16.0600,15.5700,15.5700,8383700
2013-12-16,15.9900,16.1800,15.7800,16.1000,7957200
2013-12-13,15.8300,15.9900,15.6900,15.9600,7856400
2013-12-12,15.7000,15.8700,15.6100,15.7000,6321300
2013-12-11,16.1900,16.2000,15.6400,15.6600,6572300
2013-12-10,16.1300,16.2500,16.0700,16.1200,4938700
2013-12-09,16.2600,16.3600,16.0300,16.2700,6304400
2013-12-06,16.5600,16.6500,16.0400,16.1500,11223300
2013-12-05,16.8000,16.8500,16.3500,16.5000,10593900
2013-12-04,16.8000,16.8500,16.4100,16.5500,10880000
2013-12-03,16.5000,17.0000,16.0500,16.5700,23260900
2013-12-02,16.8800,17.0800,16.3800,16.4200,35813900
2013-11-29,18.0400,18.7900,17.8200,18.3200,14384000
2013-11-28,18.2300,18.2300,17.7000,17.7300,7897700
2013-11-27,18.3800,18.4900,17.8800,18.2300,7855200
2013-11-26,19.0400,19.0900,18.1500,18.2000,12869800
2013-11-25,19.8800,20.0200,19.4500,19.4500,7880100
2013-11-22,19.7400,20.2000,19.7400,19.8200,6819000
2013-11-21,19.3000,20.1000,19.2000,20.0100,14825700
2013-11-19,20.2900,20.2900,19.6600,20.0400,12981300
2013-11-18,19.6400,20.3500,19.5600,20.3400,13598600
2013-11-14,19.1100,19.6800,19.0800,19.6000,7095100
2013-11-13,18.6300,19.1600,18.2700,19.0900,8816900
2013-11-12,19.4100,19.4100,18.4900,18.6100,7558000
2013-11-11,18.7500,19.3700,18.6500,19.3000,7939300
2013-11-08,19.0800,19.2700,18.6700,18.7500,9863100
2013-11-07,19.3800,19.7900,19.1300,19.1500,7118500
2013-11-06,19.4900,19.6000,19.2400,19.6000,8680600
2013-11-05,19.4500,19.6600,19.2500,19.4000,7657200
2013-11-04,19.2200,19.5000,19.1400,19.5000,7385200
2013-11-01,19.3000,19.5100,18.8700,19.0400,12914200
2013-10-31,19.0500,19.6800,18.9000,19.5400,13261800
2013-10-30,18.9000,19.1200,18.2600,18.9600,27027600
2013-10-29,18.9400,19.0000,18.5100,18.8700,12159700
2013-10-28,18.1000,19.0000,17.8600,19.0000,27009200
2013-10-25,17.0100,17.4500,16.9300,17.3000,20854900
2013-10-24,17.1000,17.3000,16.8500,17.0600,4658100
2013-10-23,17.4000,17.6500,17.0600,17.0900,6537500
2013-10-22,17.6500,17.8500,17.3900,17.4000,7532500
2013-10-21,16.8300,17.8000,16.5400,17.6900,11319500
2013-10-18,17.0200,17.2500,16.7600,16.8600,7350800
2013-10-17,16.9300,17.2300,16.9300,17.0100,6104500
2013-10-16,17.2300,17.2700,16.8500,16.9800,11124900
2013-10-15,17.0600,17.1700,16.9200,17.1500,9153900
2013-10-14,16.9500,17.1500,16.8000,17.0700,5853300
2013-10-11,17.0000,17.1200,16.8000,17.0000,5120400
2013-10-10,17.0500,17.1300,16.8100,17.0200,6776800
2013-10-09,17.0300,17.1000,16.6900,16.8300,6397700
2013-10-08,17.2600,17.3800,16.7800,16.9200,9762000
2013-10-07,17.3000,17.4500,17.1900,17.3000,6021400
2013-10-04,16.9900,17.3900,16.8100,17.3900,9437100
2013-10-03,17.2900,17.4000,17.1000,17.1700,7421100
2013-10-02,17.3000,17.4900,17.2300,17.2800,3608600
2013-10-01,17.1500,17.3400,16.9700,17.3400,7079000
2013-09-30,17.4100,17.7500,16.9600,16.9600,17539400
2013-09-27,17.4100,17.6200,17.2500,17.3300,6300900
2013-09-26,17.3900,17.4800,17.2600,17.4100,9138200
2013-09-25,17.3500,17.4700,17.1500,17.3700,6444200
2013-09-24,17.9500,17.9500,17.3600,17.4000,7801300
2013-09-23,17.9500,17.9500,17.4600,17.6200,7791000
2013-09-20,17.9500,17.9500,17.4600,17.7200,9213100
2013-09-19,18.0000,18.2300,17.6400,17.9500,11555200
2013-09-18,17.5500,17.9400,17.0500,17.8500,11758600
2013-09-17,17.4800,17.6000,17.2900,17.6000,7966400
2013-09-16,17.4500,17.6100,17.2000,17.4400,5778500
2013-09-13,16.8600,17.3000,16.8200,17.1700,7155200
2013-09-12,17.3000,17.5100,16.8000,16.8600,16422200
2013-09-11,17.3900,17.6500,17.3000,17.4700,10100300
2013-09-10,17.2700,17.6200,17.2700,17.5000,14991900
2013-09-09,16.8900,17.3300,16.8700,17.3000,13819600
2013-09-06,16.9900,17.0900,16.5800,16.8500,9402900
2013-09-05,16.1500,16.9800,15.9000,16.6900,20621500
2013-09-04,15.7700,16.1900,15.7300,16.1600,6893100
2013-09-03,15.9900,16.4100,15.8400,15.9000,10029000
2013-09-02,16.3800,16.4300,16.0500,16.1500,6689200
2013-08-30,16.2600,16.4900,15.7100,16.0500,13563200
2013-08-29,16.2600,16.4900,15.9600,15.9700,6036800
2013-08-28,16.6000,16.7500,16.1000,16.1700,7769900
2013-08-27,16.9800,17.1200,16.5300,16.5700,10819800
2013-08-26,17.5000,17.6900,17.1400,17.1400,6789100
2013-08-23,17.2300,17.7100,17.2100,17.5000,11802600
2013-08-22,17.0000,17.5600,16.9300,17.3900,18191200
2013-08-21,16.2900,16.8900,16.1900,16.5100,11500700
2013-08-20,16.8500,16.9600,16.3200,16.3200,7102900
2013-08-19,16.9400,17.1800,16.7400,16.9300,10209700
2013-08-16,17.0000,17.3800,16.6600,17.1900,10718200
2013-08-15,15.9000,17.3000,15.8600,17.0700,20591700
2013-08-14,15.8100,16.3200,15.7700,16.1200,15205500
2013-08-13,16.0300,16.1400,15.6300,15.8400,10092800
2013-08-12,16.3800,16.6800,15.7700,15.8400,14467400
2013-08-09,15.9000,16.2000,15.6900,16.0800,10974200
2013-08-08,15.4000,15.9500,15.2700,15.8100,7462700
2013-08-07,15.2300,15.5900,15.2100,15.3200,5259600
2013-08-06,15.7500,15.7700,15.2600,15.3300,6842300
2013-08-05,16.0000,16.2000,15.6500,15.7800,5316300
2013-08-02,16.1000,16.3300,15.9100,16.0000,6601500
2013-08-01,15.7600,16.2500,15.7000,16.1000,7699800
2013-07-31,15.4500,15.6400,15.2500,15.3800,6106900
2013-07-30,15.9400,15.9800,15.4400,15.4900,9410500
2013-07-29,16.2000,16.2700,15.7300,15.8800,5709800
2013-07-26,16.1361,16.3570,16.0649,16.2000,631958
2013-07-25,15.8500,16.2300,15.8200,16.2300,10914900
2013-07-24,16.0800,16.3600,15.7700,15.9600,7811100
2013-07-23,15.8700,16.2000,15.8300,16.1000,8318100
2013-07-22,15.5700,16.0400,15.5700,15.8000,7117900
2013-07-19,15.6000,15.7800,15.4700,15.5600,7794300
2013-07-18,15.3000,15.8100,15.3000,15.5300,10348300
2013-07-17,15.1800,15.5400,15.1500,15.3500,11456900
2013-07-16,14.8700,15.0600,14.6400,14.9700,6882200
2013-07-15,14.5000,14.9200,14.5000,14.7400,7571000
2013-07-12,14.7000,15.1500,14.5000,14.5500,18879000
2013-07-11,14.1800,14.9000,14.1000,14.8300,21301000
2013-07-10,13.7500,14.1100,13.6100,13.8000,8432000
2013-07-08,13.7600,13.8500,13.5000,13.6100,8400000
2013-07-05,14.4600,14.5400,13.5000,13.6800,19420500
2013-07-04,14.7100,14.8400,14.4700,14.5700,7327100
2013-07-03,14.0900,14.8800,13.9600,14.4300,29712800
2013-07-02,14.6500,14.9300,13.9900,14.1400,14020100
2013-07-01,14.9000,15.0200,14.4500,14.7200,7985700
2013-06-28,14.9000,14.9800,14.4500,14.8000,12998600
2013-06-27,14.8000,15.0500,14.7900,14.8900,7533700
2013-06-26,14.8500,15.1000,14.7200,14.8000,12372100
2013-06-25,15.1000,15.2000,14.6100,14.7000,8847200
2013-06-24,14.8700,15.0800,14.5000,14.7500,12113000
2013-06-21,16.0000,16.0500,15.2500,15.2900,17416300
2013-06-20,15.8400,16.2000,15.5000,16.0500,24953600
2013-06-19,16.5200,16.7100,15.9500,16.0500,15704500
2013-06-18,16.6000,16.7600,16.3900,16.4600,11759100
2013-06-17,16.9500,17.1200,16.5500,16.7100,16358700
2013-06-14,17.3300,17.3500,16.5300,16.5300,6452000
2013-06-13,16.6900,17.5000,16.6200,17.3500,9064200
2013-06-12,17.3100,17.4800,16.6800,16.7200,9233200
2013-06-11,17.6000,17.6000,17.0400,17.2100,8668800
2013-06-10,17.6800,17.9300,17.6300,17.7300,6352400
2013-06-07,17.8500,18.0500,17.5800,17.6200,12587000
2013-06-06,18.2900,18.2900,17.9500,18.1200,7695100
2013-06-05,18.9000,18.9000,18.0500,18.1000,10205000
2013-06-04,19.1300,19.1900,18.7500,18.9300,6646400
2013-06-03,19.0500,19.2100,18.8500,19.0200,8851300
2013-05-31,18.9500,19.3500,18.7700,18.9700,12610400
2013-05-29,18.8300,19.0300,18.7000,18.7300,7939400
2013-05-28,18.7800,19.1500,18.7200,18.9200,9945700
2013-05-27,18.6300,18.7800,18.5300,18.5500,1978900
2013-05-24,18.6600,18.8500,18.4500,18.6900,11279900
2013-05-23,18.5200,18.7000,18.3200,18.7000,7786800
2013-05-22,19.3900,19.4300,18.6600,18.8400,9361000
2013-05-21,19.3100,19.4800,19.0000,19.3800,4424900
2013-05-20,18.9000,19.3600,18.7400,19.3300,10656400
2013-05-17,18.9000,19.2800,18.8900,19.0900,7309400
2013-05-16,18.8600,19.2100,18.6900,18.8100,7054400
2013-05-15,18.7400,18.9400,18.5600,18.9100,5543800
2013-05-14,18.9800,19.0000,18.5300,18.8000,6281100
2013-05-13,18.9600,19.1100,18.7100,18.7500,7152100
2013-05-10,19.0600,19.3400,18.8700,19.2000,4769900
2013-05-09,19.3000,19.6000,19.1600,19.2900,7120500
2013-05-08,19.6700,19.7900,19.1600,19.2500,6463900
2013-05-07,19.3900,19.6700,19.2300,19.5900,7062300
2013-05-06,19.0900,19.4600,18.9400,19.4300,10025300
2013-05-03,19.4000,19.6300,18.9600,19.0000,6104400
2013-05-02,19.0000,19.4800,18.8900,19.2500,9254600
2013-04-30,19.0000,19.2300,18.7100,19.1900,13229600
2013-04-29,18.9900,19.4700,18.9000,19.1600,20721500
2013-04-26,18.9825,19.1562,18.8303,18.9900,450821
2013-04-25,18.1800,18.2700,17.8500,17.8700,17033000
2013-04-24,17.5300,18.2200,17.4700,18.0600,16344100
2013-04-23,17.1000,17.9000,16.9600,17.6000,12131200
2013-04-22,16.7300,17.1600,16.5000,17.1300,10095800
2013-04-19,16.3600,16.7800,16.2500,16.7400,9495600
2013-04-18,15.5700,16.1800,15.4200,16.0900,7264500
2013-04-17,15.6500,15.9900,15.2900,15.4500,13504200
2013-04-16,15.8500,16.1200,15.7400,15.9500,9922500
2013-04-15,16.0200,16.2000,15.6000,15.6500,9557100
2013-04-12,16.5900,16.6100,16.0200,16.4100,7593000
2013-04-11,16.9200,17.1500,16.5100,16.6100,8168700
2013-04-10,16.8600,17.3200,16.8600,17.0000,7483300
2013-04-09,16.1100,16.9200,16.0000,16.8500,9452100
2013-04-08,16.4000,16.4000,15.9400,16.0000,4944600
2013-04-05,16.1700,16.4300,16.0500,16.3200,5845000
2013-04-04,16.5700,16.7300,16.2000,16.2800,11275500
2013-04-03,16.2300,16.6000,16.2000,16.6000,9442800
2013-04-02,16.6800,16.8000,16.1300,16.1600,6228900
2013-04-01,16.6800,16.8000,16.5300,16.5500,4799700
2013-03-28,16.6874,16.7803,16.6733,16.6800,861555
2013-03-27,16.8700,16.9100,16.6800,16.9000,5460500
2013-03-26,16.9800,17.1500,16.7800,16.9000,4185600
2013-03-25,17.1500,17.1500,16.7800,16.8900,4835200
2013-03-22,16.9700,17.1300,16.9100,17.0100,4991200
2013-03-21,17.1900,17.2500,16.9500,16.9500,6743500
2013-03-20,17.4700,17.4700,17.1200,17.2500,9537500
2013-03-19,17.4900,17.8100,17.1500,17.4700,10469700
2013-03-18,17.4900,17.8100,17.3000,17.6300,10342200
2013-03-15,17.3500,17.8000,17.1700,17.8000,15421100
2013-03-14,17.0500,17.4300,16.7900,17.4300,13271800
2013-03-13,16.8600,17.3400,16.8100,16.9000,11484600
2013-03-12,17.1300,17.4400,16.8500,16.9400,9875700
2013-03-11,16.8000,17.2000,16.3400,17.1900,10023200
2013-03-08,17.1800,17.5200,16.5100,16.7000,11470100
2013-03-07,16.7800,17.7300,16.7000,17.2200,32271800
2013-03-06,15.7000,16.5400,15.5100,16.4100,46373600
2013-03-05,14.3500,14.5000,14.1500,14.2500,9069600
2013-03-04,14.6000,14.8800,14.2000,14.2300,11009400
2013-03-01,14.4100,14.7500,14.2800,14.6800,10691100
2013-02-28,14.7200,14.8600,14.4700,14.4900,13852800
2013-02-27,14.7900,14.9500,14.4800,14.7300,9426000
2013-02-26,14.7500,14.8700,14.5000,14.7000,12201500
2013-02-25,15.2000,15.2000,14.8500,14.9000,12227900
2013-02-22,15.3000,15.3900,14.8500,15.1000,11657700
2013-02-21,15.3200,15.5100,15.0000,15.1700,12931300
2013-02-20,16.0300,16.0300,15.4000,15.5200,10839600
2013-02-19,15.9800,16.1000,15.7700,15.9500,13902100
2013-02-18,15.7000,15.9900,15.6100,15.9700,4898400
2013-02-15,15.7400,15.8400,15.5700,15.7000,7176800
2013-02-14,15.8400,15.9200,15.6500,15.7900,9164400
2013-02-13,15.9700,15.9800,15.7500,15.8700,9672800
2013-02-08,16.1200,16.2300,15.8500,16.0000,13828600
2013-02-07,16.4900,16.7900,15.9800,16.1000,17804800
2013-02-06,16.5900,16.7500,16.3000,16.3900,12555200
2013-02-05,17.4500,17.6000,16.4400,16.6000,54796200
2013-02-04,18.4400,18.4600,18.0000,18.1000,13300200
2013-02-01,18.2500,18.7700,18.2500,18.6200,6330900
2013-01-31,18.4500,18.5000,18.0300,18.2300,10243700
2013-01-30,19.2000,19.2000,18.3200,18.3500,17082400
2013-01-29,19.6000,19.6000,19.0700,19.3400,5210200
2013-01-28,20.0500,20.1500,19.4800,19.6000,6646500
2013-01-24,19.7700,20.0600,19.7300,19.9200,4892500
2013-01-23,19.7800,20.0200,19.2100,19.8300,4878300
2013-01-22,19.7800,19.9900,19.2100,19.9700,6746000
2013-01-21,19.9800,19.9800,19.6400,19.7100,3093700
2013-01-18,20.1800,20.2300,19.8800,19.9000,4416200
2013-01-17,20.2000,20.3000,20.0000,20.0600,4807900
2013-01-16,20.1900,20.2600,19.9200,20.2000,4436800
2013-01-15,20.3300,20.5900,19.9500,20.1300,5949100
2013-01-14,20.3300,20.5900,19.9500,20.0600,5092300
2013-01-11,20.2100,20.3400,19.9900,20.1800,5045500
2013-01-10,20.1300,20.4300,19.8400,20.1300,7188600
2013-01-09,19.9100,20.2300,19.7700,20.0000,11653500
2013-01-08,20.3900,20.6400,19.7400,19.8000,10505300
2013-01-07,20.6600,20.9400,20.2400,20.3800,10473900
2013-01-04,20.4800,20.9100,20.4100,20.6500,16028100
2013-01-03,19.9800,20.5800,19.8400,20.5800,7823900
2013-01-02,20.0700,20.3500,19.8300,19.8400,10258500
2012-12-28,19.6300,19.6800,19.3500,19.5500,15128200
2012-12-27,20.1000,20.3000,19.4100,19.5000,10303100
2012-12-26,20.7100,20.7900,20.1000,20.1900,6697100
2012-12-21,20.9100,20.9900,20.5200,20.8800,10104400
2012-12-20,21.0200,21.3400,20.7500,21.2700,11675900
2012-12-19,20.5600,21.1600,20.5600,21.1300,15363700
2012-12-18,20.1800,20.5400,20.0000,20.4000,9414000
2012-12-17,20.3500,20.4200,20.0300,20.2200,9392300
2012-12-14,19.7800,20.5900,19.7300,20.5500,12799100
2012-12-13,19.8300,20.2000,19.6000,19.7700,7319500
2012-12-12,20.1600,20.2800,19.8800,20.0600,9425200
2012-12-11,20.0400,20.2500,19.9200,20.2400,8866200
2012-12-10,19.3400,19.9300,19.2500,19.9300,6534800
2012-12-07,19.1000,19.5500,18.9700,19.4500,5049700
2012-12-06,19.2000,19.2900,18.9800,19.0400,5736600
2012-12-05,19.1800,19.3400,19.0400,19.2900,8160200
2012-12-04,19.3700,19.5000,19.0400,19.1600,9144700
2012-12-03,19.2100,19.4300,19.0300,19.4300,7904300
2012-11-30,19.4200,19.6400,18.9200,19.1000,10737200
2012-11-29,19.5000,19.6000,19.1200,19.5300,10482100
2012-11-28,18.8600,19.3300,18.8300,19.2000,9714600
2012-11-27,19.3700,19.7900,18.8400,19.0700,10021600
2012-11-26,19.6200,19.6600,19.1900,19.3700,4789300
2012-11-23,19.1200,19.8200,19.0000,19.8200,7829500
2012-11-22,19.3400,19.4500,18.9000,19.2500,3188400
2012-11-21,20.0200,20.2100,19.2000,19.2000,9747800
2012-11-19,19.9500,20.0800,19.6200,19.7500,5980600
2012-11-16,20.1500,20.4600,19.3000,19.6200,6871100
2012-11-14,20.8900,21.0600,20.1500,20.4000,5941800
2012-11-13,20.9200,21.2900,20.7000,21.1100,5855400
2012-11-12,21.4700,21.5100,20.8400,21.0700,5865400
2012-11-09,21.2600,21.7300,21.1500,21.4400,6575600
2012-11-08,21.8900,22.0500,21.1200,21.2600,5542300
2012-11-07,22.3200,22.4100,21.6900,21.8900,7370700
2012-11-06,22.2100,22.5000,21.9500,22.4400,6388700
2012-11-05,21.5200,22.3600,21.1500,22.0000,4225400
2012-11-01,21.5300,21.7600,21.3500,21.6500,7577000
2012-10-31,22.4100,22.4900,21.4600,21.5000,9551500
2012-10-30,22.2200,22.3800,22.1500,22.3000,1723600
2012-10-29,22.2600,22.3200,21.8500,22.1000,4585700
2012-10-26,22.4100,23.1800,22.3300,22.8900,6457200
2012-10-25,22.2700,22.8300,22.1600,22.5200,2904800
2012-10-24,22.5700,22.6200,22.1000,22.2700,2504100
2012-10-23,22.8000,22.8300,22.2100,22.5000,5528200
2012-10-22,22.9700,23.3300,22.8300,22.9500,5643300
2012-10-19,23.4000,23.5300,22.9800,23.0300,4236000
2012-10-18,23.4400,23.5300,23.1300,23.5000,7146100
2012-10-17,23.6800,23.7400,23.1100,23.4500,6287300
2012-10-16,23.8000,23.9700,23.3700,23.6800,4298200
2012-10-15,23.4800,23.7200,23.2800,23.6800,4469500
2012-10-11,23.0000,23.4500,23.0000,23.3500,2919600
2012-10-10,23.0600,23.2400,22.8800,22.9500,2605500
2012-10-09,23.3100,23.4200,22.9700,23.1000,2835900
2012-10-08,23.0200,23.3600,22.8700,23.3100,3090900
2012-10-05,23.4500,23.5000,23.0000,23.1000,3997500
2012-10-04,23.1100,23.4300,22.8200,23.2500,4041200
2012-10-03,23.5100,23.6400,23.0600,23.1700,4729300
2012-10-02,23.5000,23.6100,23.1600,23.5300,6263000
2012-10-01,23.2900,23.6900,23.1400,23.3500,4499800
2012-09-28,23.3400,23.4900,23.0300,23.3000,6975200
2012-09-27,23.6200,23.8100,23.4900,23.5800,7299500
2012-09-26,23.4000,23.6400,23.2500,23.6000,4874400
2012-09-25,23.7500,23.9300,23.3000,23.5000,6813500
2012-09-24,23.4000,23.7300,23.3100,23.7100,6307200
2012-09-21,23.8100,23.9900,23.4500,23.4500,5898900
2012-09-20,23.2800,23.9600,23.1600,23.6000,8272700
2012-09-19,23.9700,24.2400,23.4000,23.4000,9373900
2012-09-18,24.2000,24.4000,23.9400,24.0600,6585700
2012-09-17,24.3000,24.9800,23.9000,24.1500,9456500
2012-09-14,23.9600,24.9300,23.9000,24.3500,19420200
2012-09-13,22.7300,23.9300,22.6700,23.9000,11702100
2012-09-12,22.6700,22.9200,22.4900,22.8800,6275400
2012-09-11,21.9600,22.6200,21.9600,22.4800,6431500
2012-09-10,21.8911,21.9782,21.8466,21.9600,231067
2012-09-06,21.4500,21.9400,21.3300,21.8400,4430200
2012-09-05,21.2500,21.9800,21.0100,21.3000,3534600
2012-09-04,21.3500,21.4600,21.0400,21.1000,4435300
2012-09-03,21.4200,21.6200,21.1000,21.4000,2866200
2012-08-31,21.8700,21.9800,21.3000,21.3000,7350000
2012-08-30,21.7600,21.9600,21.5800,21.7100,6177700
2012-08-29,22.0200,22.3000,21.7100,21.9700,6009200
2012-08-28,21.9000,22.2700,21.9000,22.0500,3963700
2012-08-27,21.9800,22.2000,21.7900,22.1500,2857800
2012-08-24,21.8400,22.3000,21.8400,21.9600,5455200
2012-08-23,22.2400,22.4300,21.9700,22.1200,6841800
2012-08-22,21.9700,22.4300,21.9700,22.3700,5181400
2012-08-21,22.9100,22.9100,22.0400,22.1300,7265800
2012-08-20,22.8538,22.9904,22.8404,22.9100,178424
2012-08-17,22.6300,22.6700,22.3100,22.5200,4516000
2012-08-16,22.2500,22.5500,22.1600,22.4600,5678300
2012-08-15,21.7000,22.2000,21.7000,22.0000,5828700
2012-08-14,22.1000,22.2500,21.7900,21.8200,6435000
2012-08-13,22.0000,22.2800,21.8300,21.9500,3364600
2012-08-10,21.8000,22.1800,21.1200,22.0100,4442200
2012-08-09,21.7100,22.1200,21.7100,22.0200,4442200
2012-08-08,21.2500,22.2000,21.0000,22.1400,13581300
2012-08-07,20.9800,21.4700,20.7500,21.0000,12766500
2012-08-06,19.6200,20.9800,19.4700,20.7000,9939800
2012-08-03,20.5400,20.9700,20.4400,20.6700,9658700
2012-08-02,20.0700,20.6400,19.9600,20.1600,7728200
2012-08-01,20.1400,20.5400,19.6300,20.4000,8420700
2012-07-31,20.9000,20.9500,19.9600,20.0500,6867000
2012-07-30,20.6700,21.0000,20.3400,21.0000,4635200
2012-07-27,20.0100,20.8000,19.8700,20.8000,5393000
2012-07-26,19.8500,19.9300,19.4700,19.7500,5626100
2012-07-25,19.5100,19.6700,19.1800,19.5500,3373500
2012-07-24,19.5500,19.6800,19.0600,19.3000,4064500
2012-07-23,19.4900,19.5600,18.9700,19.4500,3464300
2012-07-20,20.0100,20.1900,19.6800,19.7500,3833500
2012-07-19,19.9000,20.3700,19.9000,20.2700,4497100
2012-07-18,19.7700,19.9300,19.6200,19.9000,4257200
2012-07-17,19.9600,20.2000,19.7200,19.8900,4080400
2012-07-16,20.1500,20.4500,19.7400,19.9500,5884100
2012-07-13,20.1000,20.3600,19.9200,20.2500,6040000
2012-07-12,18.8500,19.2800,18.5500,19.1700,5395200
2012-07-11,19.0400,19.4000,18.8000,19.0900,5780100
2012-07-10,19.6600,19.8000,18.9000,18.9500,7681800
2012-07-06,20.0000,20.1400,19.7200,19.8800,4260100
2012-07-05,19.7900,20.5000,19.7500,20.3400,8097900
2012-07-04,19.6000,19.9000,19.4200,19.6000,2169800
2012-07-03,19.0700,19.7900,18.9900,19.6900,11642400
2012-07-02,18.7000,19.0500,18.5400,18.9500,7625500
2012-06-29,18.7500,18.9700,18.6000,18.9000,4861500
2012-06-28,18.2900,18.6300,18.0500,18.3000,4684900
2012-06-27,18.6000,18.7800,18.2300,18.2400,5556800
2012-06-26,18.7200,18.7900,18.3000,18.5500,9823300
2012-06-25,19.2000,19.4400,18.3700,18.4800,10888900
2012-06-22,20.2000,20.3200,19.7700,20.1600,5689800
2012-06-21,20.8500,20.9000,19.9700,19.9700,5676600
2012-06-20,20.5300,20.9800,20.3900,20.7100,7408000
2012-06-19,19.6600,20.7800,19.5900,20.4400,10138300
2012-06-18,19.7718,19.8239,19.5316,19.6600,44190
2012-06-15,19.0000,19.1400,18.4900,19.1400,10688600
2012-06-14,19.3000,19.4500,18.8300,18.8700,10502200
2012-06-13,19.3400,19.6700,19.1200,19.6300,9026800
2012-06-12,19.2500,19.4200,19.0700,19.2500,6454300
2012-06-11,19.9600,20.0800,19.1500,19.1500,9180600
2012-06-08,20.1000,20.1000,19.4800,19.7400,9360700
2012-06-06,19.9400,20.2100,19.8000,20.0000,6953000
2012-06-05,20.0000,20.1800,19.5900,19.6000,5008400
2012-06-04,19.5900,20.1000,19.5000,19.9700,4725600
2012-06-01,19.2900,19.8300,19.1800,19.7000,4809500
2012-05-31,19.2700,19.8000,18.9100,19.8000,8411200
2012-05-30,19.3500,19.5600,19.1600,19.2100,5092900
2012-05-29,19.8500,20.0300,19.4900,19.6600,6373200
2012-05-28,19.6900,19.9500,19.4900,19.5000,1923200
2012-05-25,19.5000,19.8300,19.3000,19.3200,4562400
2012-05-24,20.1200,20.3400,19.3800,19.4900,8129000
2012-05-23,20.5000,20.6300,19.6800,20.0200,5507500
2012-05-22,21.0900,21.2800,20.4700,20.5300,7388100
2012-05-21,21.1642,21.2630,21.0781,21.0900,224608
2012-05-18,19.4000,19.9900,19.2300,19.7800,8937300
2012-05-17,20.1500,20.1800,19.2000,19.2000,8336400
2012-05-16,20.1500,20.4800,19.7400,19.9800,10178800
2012-05-15,19.9300,20.2200,19.2800,19.2800,6757400
2012-05-14,20.0000,20.2200,19.8000,19.8100,7555800
2012-05-11,20.5900,20.9200,20.3800,20.3900,3803500
2012-05-10,21.0600,21.3500,20.7800,20.7800,3407900
2012-05-09,20.8500,21.1100,20.5900,20.9800,5981600
2012-05-08,21.4500,21.4700,20.8500,21.1000,5117400
2012-05-07,21.4500,21.6500,20.9000,21.5000,7382700
2012-05-04,22.2600,22.3600,21.0600,21.4000,9448500
2012-05-03,23.0800,23.3200,22.2500,22.3400,6473900
2012-05-02,22.4700,23.1200,22.4000,23.0600,5973200
2012-04-30,22.0700,22.3900,22.0300,22.3900,5973200
2012-04-27,22.4900,22.4900,21.9400,22.1000,4258500
2012-04-26,22.0000,22.3600,21.7500,22.2800,6068500
2012-04-25,22.4000,22.4800,21.7200,22.0700,4567400
2012-04-24,22.1900,22.2700,21.9700,22.2000,2313600
2012-04-23,22.1400,22.2300,21.9500,22.1500,3999100
2012-04-20,22.5600,22.7500,22.3800,22.3800,3202500
2012-04-19,22.6700,22.8500,22.3400,22.3400,2882100
2012-04-18,22.3900,22.8900,22.1300,22.7200,6909000
2012-04-17,22.6400,22.6500,22.2100,22.3600,4869600
2012-04-16,22.6600,22.9000,22.1700,22.3700,4325700
2012-04-13,22.9200,23.0200,22.4200,22.4400,5823600
2012-04-12,22.5300,23.0700,22.3700,23.0200,3895200
2012-04-11,22.5000,22.5400,22.1000,22.3500,6984100
2012-04-10,22.5100,22.8000,22.0600,22.1600,3181500
2012-04-09,22.7500,22.8200,22.5300,22.5700,2396700
2012-04-05,22.9200,23.3600,22.8400,23.0600,3344100
2012-04-04,23.3000,23.3900,22.9300,22.9900,7159100
2012-04-03,24.2800,24.2900,23.5500,23.6200,5713600
2012-04-02,24.4000,24.6100,23.9500,24.3300,5444200
2012-03-30,24.2500,24.3300,23.9600,24.3000,7064300
2012-03-29,23.8500,24.1900,23.7700,24.1600,7463800
2012-03-28,24.5200,24.5400,23.8100,24.1700,6206000
2012-03-27,24.8300,25.0000,24.5000,24.6500,5659300
2012-03-26,24.7000,25.0500,24.6700,24.9800,5357800
2012-03-23,24.5800,24.7100,24.2800,24.4200,4632200
2012-03-22,24.6000,24.7400,24.1900,24.3400,3556000
2012-03-21,24.8500,25.0500,24.7000,24.7500,3556000
2012-03-20,24.9500,25.0400,24.7000,24.8800,5728800
2012-03-19,25.2400,25.5200,24.9400,25.2500,3244000
2012-03-16,25.2000,25.2500,24.5100,25.2000,7250100
2012-03-15,25.5200,25.9400,25.0900,25.1000,5369400
2012-03-14,25.7900,26.1700,25.6000,25.7700,11443900
2012-03-13,24.9800,25.6500,24.7700,25.6500,5862900
2012-03-12,24.6400,25.0100,24.6300,24.6800,7193400
2012-03-09,25.1800,25.3800,24.8700,24.8700,5095200
2012-03-08,25.5900,25.6900,25.0500,25.0800,4050300
2012-03-07,25.2700,25.2900,24.8200,25.0500,3797700
2012-03-06,25.2500,25.3700,24.6200,24.8400,6482400
2012-03-05,26.3600,26.5000,25.6400,25.8200,6098200
2012-03-02,26.3000,26.6000,26.0900,26.6000,5237500
2012-03-01,25.9500,26.2000,25.6800,26.2000,5696300
2012-02-29,25.7600,26.0300,25.4600,25.7000,7240700
2012-02-28,25.7500,26.0400,25.5800,25.6500,7387500
2012-02-27,26.0500,26.3200,25.4200,25.5500,9476600
2012-02-24,25.5500,26.0600,25.4900,25.9500,5899500
2012-02-23,25.0600,25.4900,25.0400,25.3500,6390100
2012-02-17,25.5000,25.7100,25.1000,25.3600,8370700
2012-02-16,24.6000,25.4900,24.4200,25.4900,7214500
2012-02-15,25.1900,25.2700,24.2700,24.6700,10255200
2012-02-14,26.1000,26.1000,24.7000,24.8900,8522000
2012-02-13,26.0770,26.3393,25.8405,26.1000,357343
2012-02-10,25.9000,26.3000,25.2200,25.2500,15686200
2012-02-09,27.6200,27.9800,27.2600,27.5300,5251400
2012-02-08,27.7600,28.0600,27.4500,27.5900,4228500
2012-02-07,27.0900,27.8300,26.9000,27.7500,4255800
2012-02-06,26.8400,27.1800,26.6000,27.1800,3007300
2012-02-03,26.7400,27.2500,26.6400,26.8600,6516500
2012-02-02,27.1700,27.4700,26.7200,26.8000,8202700
2012-02-01,27.1200,27.4800,26.9300,27.2000,6060200
2012-01-31,27.1000,27.2400,26.5500,26.9100,6149800
2012-01-30,26.5500,26.9100,26.5000,26.8000,4086900
2012-01-27,27.2100,27.4800,26.8200,26.8600,4577300
2012-01-26,27.9100,28.1900,27.1900,27.1900,7766300
2012-01-24,27.3000,28.2600,27.1500,27.7300,8526100
2012-01-23,26.2000,27.7900,26.0700,27.3000,10433500
2012-01-20,26.2700,26.3500,25.9400,26.3500,4429900
2012-01-19,26.6000,26.7300,26.3200,26.3900,6317400
2012-01-18,25.8500,26.4700,25.7400,26.4400,7879300
2012-01-16,25.3700,26.0400,25.2400,25.9700,2947200
2012-01-13,25.1500,25.4300,24.9400,25.3700,8825600
2012-01-12,25.0000,25.4700,24.6800,25.1600,9340800
2012-01-11,24.7800,25.0000,24.5100,24.8500,4023900
2012-01-10,24.8000,24.9100,24.6100,24.8200,5139200
2012-01-09,24.0000,24.4800,23.9500,24.4800,3877000
2012-01-06,24.1000,24.3500,23.9100,24.0000,3454500
2012-01-05,24.1000,24.3100,23.7600,24.0200,7905400
2012-01-04,23.8000,24.2800,23.5700,24.1700,4588400
2012-01-03,23.6203,23.8477,23.6110,23.8000,817256
2012-01-02,23.1300,23.6100,22.7400,23.2100,3758200
2011-12-29,22.8200,23.1400,22.4000,23.0000,7008700
2011-12-28,22.7174,22.9003,22.6266,22.8200,336000
2011-12-27,23.7200,23.9700,23.6800,23.7700,3115700
2011-12-26,23.8600,23.9500,23.7800,23.7800,940500
2011-12-23,23.8300,24.0400,23.7800,23.9000,5148400
2011-12-22,23.5000,23.9600,23.4600,23.7900,4728700
2011-12-21,23.4100,23.5500,22.9900,23.4500,5979800
2011-12-20,23.0000,23.7400,22.8600,23.7400,6524100
2011-12-19,22.7100,23.1500,22.6100,22.7000,5785500
2011-12-16,23.2900,23.2900,22.7800,22.8000,5636300
2011-12-15,23.5900,24.0000,22.8700,23.0600,7106400
2011-12-14,23.9100,24.0700,23.3000,23.3000,7308200
2011-12-13,24.2200,24.5200,23.9500,24.1000,5858100
2011-12-09,24.4600,24.9600,24.3500,24.7500,4506700
2011-12-08,25.5000,25.5000,24.0100,24.3400,8311200
2011-12-07,25.5400,25.5400,25.0300,25.3300,4361700
2011-12-06,25.0200,25.4700,25.0200,25.3900,6066300
2011-12-05,24.9000,25.3900,24.7100,25.1700,5309100
2011-12-02,24.8800,24.9500,24.4500,24.6300,5147500
2011-12-01,24.3000,24.7000,24.1200,24.7000,6135900
2011-11-30,23.8900,24.3000,23.7200,24.1200,9744800
2011-11-29,23.4700,23.9800,23.2600,23.2700,6939400
2011-11-28,23.3100,23.6200,23.1800,23.4800,3639400
2011-11-25,23.1500,23.5100,22.8100,22.8100,3660500
2011-11-24,23.4900,23.6300,23.2300,23.4300,1802000
2011-11-23,23.2300,23.5100,23.1900,23.3100,5865100
2011-11-22,23.5000,23.8000,23.3800,23.5000,3633800
2011-11-21,23.2000,23.6800,23.0500,23.5000,4913300
2011-11-18,23.7100,23.8100,23.3500,23.6300,4983100
2011-11-17,23.8100,24.1800,23.3800,23.4300,4466400
2011-11-16,23.8000,24.2600,23.5800,24.1300,5578700
2011-11-14,23.7200,24.0400,23.5000,23.7500,2918100
2011-11-11,23.8400,24.1200,23.7000,23.8500,4252900
2011-11-09,23.9500,24.0500,23.2300,23.2500,5572200
2011-11-08,24.7400,24.8500,24.2700,24.4000,5212200
2011-11-07,23.7600,24.7400,23.7600,24.6200,5441700
2011-11-04,23.5100,23.9900,23.4100,23.9000,3691900
2011-11-03,23.2300,23.7300,23.0100,23.6700,5130400
2011-11-01,22.0900,22.9200,22.0900,22.7500,6462900
2011-10-31,23.3100,23.6700,22.8200,23.0800,8732100
2011-10-28,22.7500,23.2800,22.5900,23.2800,7718700
2011-10-24,21.0600,21.6000,20.9800,21.5000,5325000
2011-10-21,20.5300,21.1200,20.5200,21.0000,4520300
2011-10-20,20.9500,20.9500,20.1400,20.4600,6557600
2011-10-19,21.1800,21.2000,20.7500,20.9500,4581800
2011-10-18,20.8200,21.2100,20.5900,21.1200,5764200
2011-10-17,21.1300,21.4300,20.5200,20.9500,5764200
2011-10-14,21.1500,21.4100,20.9700,21.4100,2658400
2011-10-13,21.2600,21.3200,20.6000,21.0400,6258200
2011-10-11,20.5900,20.9000,20.2600,20.8000,5627100
2011-10-10,20.1500,20.6600,19.9800,20.6600,4929800
2011-10-07,20.8400,20.8400,19.7600,19.9000,5845500
2011-10-06,20.1000,20.9000,19.9300,20.5900,8615300
2011-10-05,20.1300,20.2500,19.5500,19.8000,6891200
2011-10-04,19.6900,20.1400,19.4400,20.1400,6578300
2011-10-03,20.7600,20.8500,20.0600,20.0600,5822200
2011-09-30,21.0000,21.2200,20.7000,20.9000,6697400
2011-09-29,21.4500,21.5500,21.1100,21.1100,5027500
2011-09-28,21.6900,21.7000,21.2100,21.2100,4599400
2011-09-27,22.0000,22.1300,21.4500,21.4600,2889000
2011-09-26,21.2000,21.7300,20.8100,21.7200,3886300
2011-09-23,21.3200,21.6900,20.9900,21.0000,5244000
2011-09-22,22.0100,22.2700,21.1900,21.4000,8006900
2011-09-21,22.8300,23.2700,22.6800,22.6800,5438200
2011-09-20,22.8500,23.2600,22.6500,22.6500,3419100
2011-09-19,22.1500,22.9300,22.1500,22.9100,3683700
2011-09-16,22.6100,22.7900,22.4700,22.6100,3108900
2011-09-15,22.6100,22.9200,22.5500,22.6300,3939300
2011-09-14,22.3900,22.9200,22.1600,22.6000,4076000
2011-09-13,22.3900,22.5000,22.0800,22.3000,3764800
2011-09-12,21.8600,22.3100,21.6000,22.2600,4111300
2011-09-09,22.5600,22.7500,22.0000,22.0300,3470300
2011-09-08,22.9000,23.0000,22.5800,22.8000,4222300
2011-09-06,21.6400,22.6200,21.5700,22.5100,6675700
2011-09-05,22.0200,22.1300,21.8100,21.9500,2205700
2011-09-02,22.9400,23.0900,21.9300,22.4700,8643400
2011-09-01,23.1800,23.4900,22.9500,23.1700,7055900
2011-08-31,22.8400,22.9700,22.4600,22.9500,6961200
2011-08-30,22.4400,22.7900,22.3100,22.6000,6210800
2011-08-29,22.0500,22.7000,22.0500,22.6000,4214400
2011-08-26,21.6500,22.0000,21.4200,21.8100,4732700
2011-08-25,22.1700,22.3000,21.6500,21.8000,4954900
2011-08-24,22.0000,22.4000,21.8100,22.2000,8340900
2011-08-23,21.6900,22.1700,21.3700,22.1000,6415400
2011-08-22,22.0300,22.2300,21.4100,21.4800,6110600
2011-08-19,21.8500,22.3400,21.6500,21.8400,9389200
2011-08-18,22.5700,22.7500,21.7600,22.2000,10553300
2011-08-17,23.0300,23.1500,22.6700,23.1000,6744300
2011-08-16,22.9000,23.0700,22.6500,23.0200,7235700
2011-08-15,22.7800,23.3000,22.6400,23.3000,4869600
2011-08-12,22.8800,22.8800,22.3100,22.4500,6823600
2011-08-11,22.1400,22.7500,21.5100,22.6000,9827800
2011-08-10,21.0200,22.1100,20.9200,21.9000,10226000
2011-08-09,20.8700,21.9000,20.7400,21.3300,11746400
2011-08-08,21.6100,21.8400,20.0000,20.7500,11239200
2011-08-05,23.2000,23.4100,22.0800,22.5300,13560500
2011-08-04,24.3000,24.6800,22.9700,22.9700,14565100
2011-08-03,25.5100,25.8700,24.7000,24.7000,6439900
2011-08-02,26.0500,26.3200,25.6000,25.6000,3994300
2011-08-01,26.3100,26.4500,26.0200,26.1500,4909600
2011-07-29,25.8000,26.1500,25.7600,26.0000,1856
2011-07-28,25.8868,26.0264,25.6226,25.8000,401285
2011-07-27,26.2800,26.5700,26.1000,26.3500,5725000
2011-07-26,26.1100,26.5500,26.1100,26.3800,6568900
2011-07-25,25.4700,26.2300,25.4700,26.0300,3270
2011-07-22,25.5100,25.7700,25.3800,25.5000,3842700
2011-07-21,24.9600,25.5900,24.8500,25.4500,4692500
2011-07-20,25.1100,25.2400,24.8000,24.8100,3185700
2011-07-19,25.3300,25.4500,24.9200,25.0100,4272600
2011-07-18,25.2100,25.4400,25.1200,25.2000,3488100
2011-07-15,25.3200,25.5200,25.2100,25.3800,7440500
2011-07-14,25.6800,25.8500,25.1700,25.3000,4577000
2011-07-13,25.6800,25.8900,25.5000,25.8000,4788200
2011-07-12,25.4500,25.7400,25.3000,25.5000,2805000
2011-07-11,25.6900,25.8000,25.4300,25.5000,3051200
2011-07-08,25.9100,26.2700,25.8300,25.9300,3559400
2011-07-07,26.2000,26.2900,26.0200,26.0700,3012300
2011-07-06,25.9000,26.1300,25.6500,25.9600,4382300
2011-07-05,26.2100,26.4500,25.9600,26.0100,2730000
2011-07-04,26.3600,26.3600,26.1600,26.2500,1136600
2011-07-01,26.1500,26.3700,25.9400,26.3000,5451100
2011-06-30,26.0900,26.2500,25.9100,26.2500,4743000
2011-06-29,25.9500,26.0000,25.5800,25.7500,2724800
2011-06-28,25.4800,25.8500,25.4500,25.8500,4240800
2011-06-27,25.2300,25.6000,25.1100,25.4300,4028000
2011-06-24,25.5200,25.7000,25.1800,25.2000,5102500
2011-06-22,25.6600,26.2100,25.6500,25.7100,5333300
2011-06-21,25.6000,25.7800,25.4500,25.7500,3723500
2011-06-20,25.6000,25.9500,25.3800,25.5000,6513200
2011-06-17,26.1900,26.1900,25.6300,25.6700,5109000
2011-06-16,25.8000,26.3400,25.6200,25.8700,4263000
2011-06-15,25.7700,26.1500,25.7200,25.8100,5537900
2011-06-14,25.8800,26.2500,25.8800,26.1500,6323700
2011-06-13,26.2200,26.3500,25.7300,25.7300,3034500
2011-06-10,26.2600,26.4400,26.0200,26.2000,5387700
2011-06-09,25.8100,26.5200,25.7200,26.2600,3898400
2011-06-08,25.4300,26.0000,25.3900,25.8000,5895500
2011-06-07,25.8800,25.9300,25.4300,25.5200,5798400
2011-06-06,26.5000,26.5600,25.6500,25.7700,5354900
2011-06-03,26.4000,26.8700,26.3300,26.3300,5049300
2011-06-02,26.8200,26.8200,26.3500,26.5800,7028400
2011-06-01,26.8300,26.9500,26.5200,26.8000,7250100
2011-05-31,27.2900,27.3700,26.6800,26.8300,5981700
2011-05-30,27.4248,27.4601,27.2802,27.2900,343740
2011-05-27,27.3500,27.5000,27.0900,27.2900,2591500
2011-05-26,26.9700,27.2100,26.7800,27.1900,3681500
2011-05-25,26.8000,27.2500,26.6500,26.9100,2771800
2011-05-24,26.9900,27.2200,26.7200,26.8100,3437900
2011-05-23,26.5100,26.7900,26.3000,26.7000,3736900
2011-05-20,26.6500,27.1300,26.4300,27.0000,2514100
2011-05-19,27.3100,27.3100,26.5500,26.5600,4711300
2011-05-18,27.5000,27.7900,27.0500,27.0500,5396800
2011-05-17,27.0000,27.5600,26.7800,27.4500,5110300
2011-05-16,73.6000,75.5500,73.5000,74.0000,36511
2011-05-13,26.7900,26.9000,26.4000,26.4000,5552500
2011-05-12,26.5000,26.9900,26.4300,26.7600,5492700
2011-05-11,27.5900,27.7900,27.2100,27.2100,6211400
2011-05-09,27.3100,27.9700,27.3000,27.8200,1766
2011-05-06,27.9500,28.0000,27.2200,27.2200,4295100
2011-05-05,28.0400,28.3500,27.2200,27.5400,6821600
2011-05-04,28.7200,28.7900,28.2000,28.3100,4575400
2011-05-03,28.7100,28.9000,28.4600,28.4600,6734400
2011-05-02,28.9000,29.0200,28.6600,28.6900,3811700
2011-04-29,28.6600,28.8900,28.4100,28.8900,3671900
2011-04-28,28.6500,28.8200,28.3900,28.7500,8739600
2011-04-27,29.2800,29.4000,28.6800,28.9300,4594500
2011-04-26,29.3600,29.5800,29.0500,29.3600,3892300
2011-04-25,29.4500,29.6100,29.1900,29.3500,2128900
2011-04-20,29.3700,29.4800,28.9000,29.4800,5021100
2011-04-19,28.8200,29.1900,28.6200,28.7700,4808700
2011-04-18,29.1400,29.4200,28.4600,28.4600,5723200
2011-04-15,29.0200,29.7100,28.9600,29.6400,7765700
2011-04-14,29.2000,29.5200,28.8200,28.8200,5774000
2011-04-13,30.1200,30.1400,29.1400,29.3000,6744500
2011-04-12,30.6800,30.8900,29.8000,29.9200,7304600
2011-04-11,31.6600,31.9000,30.8400,31.0200,3840500
2011-04-08,31.9100,32.0000,31.3100,31.4700,3964900
2011-04-07,31.9900,32.0800,31.4100,31.6500,4716000
2011-04-06,32.4000,32.4100,31.9900,32.0800,5157300
2011-04-05,32.7500,32.7500,32.2000,32.3300,3100500
2011-04-04,33.2000,33.2000,32.6500,32.8000,3100500
2011-03-31,32.4900,32.7500,32.4100,32.6200,3884700
2011-03-30,32.6900,32.8600,32.4000,32.4200,3308900
2011-03-29,32.6900,32.8600,32.4000,32.4200,3308900
2011-03-28,32.9000,33.1800,32.5000,32.5000,2385400
2011-03-25,32.7400,33.1200,32.5800,33.1100,3194400
2011-03-24,33.0000,33.2000,32.5100,32.5300,2896
2011-03-23,32.4000,33.0600,32.4000,32.9900,4348200
2011-03-22,32.1100,32.9400,32.1000,32.6000,4544600
2011-03-21,32.2200,32.6000,32.0300,32.2200,2780
2011-03-18,32.4200,32.4400,31.9000,31.9700,6506900
2011-03-17,32.2100,32.4000,31.9300,32.2200,4268800
2011-03-16,32.1300,32.6400,31.5200,31.8000,7826800
2011-03-15,31.6500,32.3400,31.4400,32.1300,6059900
2011-03-14,32.0900,32.5400,31.7500,32.4500,2867400
2011-03-11,31.9900,32.6700,31.5400,32.2200,6340300
2011-03-10,32.7300,32.7300,31.8200,32.1000,8281500
2011-03-04,33.1400,33.7000,33.0000,33.6500,7467400
2011-03-03,33.1900,33.3500,32.7300,33.1600,4305900
2011-03-02,32.4000,33.3000,32.0500,33.2000,7569000
2011-03-01,32.5200,32.9000,32.0200,32.1500,5225000
2011-02-28,32.5900,32.7800,31.9900,32.6000,8036800
2011-02-25,32.5000,32.9000,32.0000,32.8600,7541700
2011-02-23,31.7500,33.2900,31.6100,33.0100,16428800
2011-02-22,31.0800,31.9400,31.0500,31.5400,11655100
2011-02-21,30.9500,31.2400,30.8100,30.9500,1812900
2011-02-18,30.5700,31.0900,30.5700,30.9400,3217100
2011-02-17,31.0000,31.1000,30.5600,30.6500,2372500
2011-02-16,31.0900,31.2000,30.6500,30.9100,4515700
2011-02-15,29.9600,31.1300,29.8000,30.6300,7426800
2011-02-14,29.6000,30.3700,29.4700,30.1700,3692600
2011-02-11,29.6000,29.9700,29.3700,29.5700,3686600
2011-02-10,29.0900,29.9600,29.0900,29.4200,4516200
2011-02-09,30.0500,30.1500,29.1200,29.1200,4280700
2011-02-08,30.4500,30.7900,30.0100,30.0300,3574
2011-02-07,31.2000,31.3300,30.5100,30.5100,4156400
2011-02-04,31.3500,31.6500,30.9800,31.0000,5859200
2011-02-03,30.9900,31.6000,30.9900,31.3900,6312
2011-02-02,30.7100,31.3900,30.5300,31.0000,10226100
2011-02-01,30.2000,31.0000,30.0600,30.9900,7298
2011-01-31,29.5500,30.0900,29.3100,30.0500,7851600
2011-01-28,29.6100,29.8200,28.9600,29.3500,4915300
2011-01-27,29.6000,29.9400,29.3900,29.6100,4813400
2011-01-26,29.9900,30.3400,29.4300,29.5000,5191100
2011-01-24,30.1000,30.1800,29.5300,30.0100,4394900
2011-01-21,30.2000,30.4000,29.8100,29.8700,4923700
2011-01-20,30.1100,30.4400,29.6700,30.1000,5361900
2011-01-19,31.0000,31.0500,30.1400,30.1400,4455900
2011-01-18,30.7700,30.9500,30.5100,30.9500,6112800
2011-01-17,30.8100,30.8300,30.4700,30.4700,4360500
2011-01-14,30.5300,31.0000,30.2000,30.7700,3167100
2011-01-13,31.5400,31.7600,30.5000,30.5000,6285500
2011-01-12,30.5700,31.5800,30.5700,31.4700,8136700
2011-01-11,30.3500,30.7500,30.2500,30.5000,6854100
2011-01-10,29.9400,30.3700,29.7500,30.2100,5282900
2011-01-07,30.3900,30.5100,29.9100,30.0000,5344500
2011-01-06,30.5500,30.8500,30.3100,30.4500,6889400
2011-01-05,29.8000,30.6700,29.7100,30.6300,5502100
2011-01-04,30.3000,30.4000,29.5400,30.0600,10066400
2011-01-03,30.7200,30.8700,30.1200,30.3000,5064700
2010-12-30,30.3900,30.7200,30.2200,30.5500,8581300
2010-12-29,29.6500,30.2700,29.6500,30.1000,4021200
2010-12-28,29.0200,29.6600,29.0000,29.6100,4797900
2010-12-27,28.3900,28.9100,28.2200,28.7400,2356400
2010-12-23,28.2100,28.5900,28.2100,28.5400,2006300
2010-12-22,28.2000,28.4900,28.1000,28.4900,3146900
2010-12-21,28.6100,28.7200,28.4000,28.4500,2961600
2010-12-20,28.6900,28.8300,28.3300,28.3300,6986800
2010-12-17,27.8900,28.6200,27.7800,28.6200,3026300
2010-12-16,28.1000,28.2400,27.8600,27.9700,2652900
2010-12-15,28.2200,28.3000,27.9600,27.9600,4801100
2010-12-14,28.4800,28.6700,28.3200,28.4900,4151000
2010-12-13,28.5000,28.7800,28.3300,28.6900,2456400
2010-12-10,28.2000,28.4000,28.0700,28.3300,3949700
2010-12-09,27.7500,28.2000,27.7500,28.0900,6043600
2010-12-08,28.0100,28.2400,27.4800,27.6900,4792100
2010-12-07,29.0800,29.1900,28.0100,28.0100,7080200
2010-12-06,28.5800,28.9100,28.5200,28.7200,2454800
2010-12-03,28.2100,28.5800,28.0500,28.5800,3195000
2010-12-02,28.3500,28.5700,28.1300,28.2100,3639900
2010-12-01,27.7600,28.1600,27.6400,28.1600,4198200
2010-11-30,27.4400,27.7800,27.1700,27.3700,7449000
2010-11-29,27.1100,27.5100,27.1100,27.5000,5664600
2010-11-26,27.1600,27.4600,27.0500,27.2300,3504500
2010-11-25,27.9100,28.0000,27.5000,27.5000,1524200
2010-11-24,27.5100,28.0200,27.3700,27.8800,4800300
2010-11-23,27.3000,27.4900,27.0600,27.3300,6057700
2010-11-22,28.3500,28.4500,27.5700,27.6000,3545800
2010-11-19,28.4400,28.4500,27.9700,28.4500,2926300
2010-11-18,28.5900,28.7100,28.2500,28.5300,3708900
2010-11-17,28.0000,28.3100,27.8700,28.0900,2837300
2010-11-16,28.5000,28.5400,27.7000,27.9600,5829500
2010-11-12,29.1000,29.2900,28.4900,28.5200,4105200
2010-11-11,29.8200,29.8800,29.4000,29.5000,4110800
2010-11-10,29.8000,30.0400,29.6100,29.9400,5275600
2010-11-09,30.4100,30.5600,29.9000,29.9000,4554600
2010-11-08,29.7600,30.3200,29.7600,30.2900,3321100
2010-11-05,30.0100,30.3300,29.9000,29.9500,3378900
2010-11-04,29.7000,30.2400,29.5000,30.2000,6731400
2010-11-03,29.2900,29.4900,29.0100,29.3000,8098200
2010-11-01,28.8000,29.3000,28.5900,29.1000,4130200
2010-10-29,29.0400,29.1000,28.4500,28.5500,7041700
2010-10-28,29.1400,29.3500,28.4700,28.8000,7434100
2010-10-27,28.2900,29.5100,27.8700,28.7900,7851900
2010-10-26,27.1400,28.6900,26.9700,28.4500,8582100
2010-10-25,26.9000,27.3500,26.8200,27.2100,4592400
2010-10-22,27.0000,27.2300,26.3500,26.7500,8463100
2010-10-21,27.4500,27.6200,26.5700,26.6800,10263700
2010-10-20,27.7600,27.8700,27.5000,27.5000,5736100
2010-10-19,28.2500,28.4300,26.9800,27.6500,7841600
2010-10-18,28.5100,28.7700,28.2800,28.7000,10379100
2010-10-15,29.1900,29.2900,28.5000,28.6400,13463800
2010-10-14,28.6000,29.1500,28.2700,29.1000,14472000
2010-10-13,28.9700,28.9700,28.4500,28.6000,7644700
2010-10-11,29.0000,29.1500,28.6200,28.7400,4039600
2010-10-08,27.9500,29.0000,27.9100,29.0000,9179500
2010-10-07,29.3300,29.3300,27.5800,28.3100,14370800
2010-10-06,30.2700,30.2900,28.8800,29.1800,12726500
2010-10-05,30.8000,30.8700,29.7400,30.3900,12636100
2010-10-04,30.5100,30.9000,30.5000,30.5600,7247800
2010-10-01,30.6100,30.8600,30.3500,30.6000,6682700
2010-09-30,30.8600,31.2800,30.2700,30.4000,15382100
2010-09-29,30.7056,30.8726,30.6171,30.8600,214015
2010-09-28,30.4500,30.4800,30.0800,30.0800,10423800
2010-09-27,29.6500,30.4500,29.4200,30.2500,20599700
2010-09-24,30.3000,30.4000,29.4800,29.6500,14878000
2010-09-23,29.6000,31.2000,29.5500,30.2500,13943100
2010-09-22,29.8000,29.9900,29.1500,29.6000,5586
2010-09-21,30.7400,30.9200,29.8000,29.8000,4513100
2010-09-20,30.1300,30.9900,29.7700,30.8000,5059600
2010-09-17,30.0248,30.4181,29.8706,30.1300,398665
2010-09-16,29.5100,30.0900,29.5100,29.9700,4714200
2010-09-15,29.1100,30.0500,29.0500,29.9800,10305200
2010-09-14,31.5500,31.7100,30.1400,30.1400,5803900
2010-09-13,31.4700,31.8900,31.1500,31.6600,6474900
2010-09-10,31.2800,31.5600,30.9400,31.0200,6961400
2010-09-09,31.9800,32.0300,30.8300,31.2500,6099700
2010-09-08,32.3400,32.5500,31.6800,31.8600,5255200
2010-09-06,32.9900,33.3400,32.6200,33.3400,2769100
2010-09-03,32.0600,32.8100,31.8100,32.7100,10232300
2010-09-02,30.7600,32.2000,30.6400,31.2400,6510200
2010-09-01,30.0000,30.7600,29.0500,30.0700,3236
2010-08-31,29.0000,29.5900,28.9300,29.5900,4498500
2010-08-30,30.0600,30.1000,28.9500,30.1000,2799
2010-08-27,29.4800,29.9500,29.0000,29.9500,3373100
2010-08-26,30.2000,30.2500,29.1000,29.1000,3962500
2010-08-25,29.5000,29.7800,28.8500,29.7400,3958300
2010-08-24,29.9000,30.3500,29.5000,29.5600,2879100
2010-08-23,30.5400,30.5400,30.1000,30.1800,3175300
2010-08-20,30.2700,30.5500,29.9100,30.3000,5419800
2010-08-19,30.7000,31.0000,30.2700,30.3600,5842800
2010-08-18,32.2000,32.3000,31.3500,31.5100,5023400
2010-08-17,31.8800,32.6100,31.8000,32.3100,4634500
2010-08-16,31.5500,31.8300,31.4800,31.6900,3077900
2010-08-13,31.6900,31.9200,31.5400,31.7600,2507700
2010-08-12,31.3300,32.0800,31.2900,31.7000,2966200
2010-08-11,32.5000,32.5000,31.6300,31.6500,4378300
2010-08-10,32.8800,33.0900,32.4900,32.9000,3616300
2010-08-09,33.7500,33.8400,33.1500,33.1500,2006500
2010-08-06,33.7500,33.9000,33.2800,33.5200,2731100
2010-08-05,33.7800,33.9300,33.5400,33.8000,3333600
2010-08-04,33.7400,34.0300,33.4200,33.9000,5643400
2010-08-03,32.5100,33.8000,32.5100,33.5000,3145500
2010-08-02,32.1900,32.9100,31.9800,32.6800,2935500
2010-07-30,31.2700,32.0400,31.0500,32.0400,4393900
2010-07-29,31.6400,31.7200,31.2800,31.2800,2404400
2010-07-28,31.7100,31.9400,31.4000,31.5000,3124200
2010-07-27,32.0700,32.1800,31.6700,31.8000,1892400
2010-07-26,31.7900,32.0500,31.6600,31.9300,1153400
2010-07-23,31.9000,31.9800,31.5100,31.7800,1869100
2010-07-22,31.9500,32.2600,31.7500,31.8700,2718500
2010-07-21,32.1500,32.2100,31.3300,31.5400,2513400
2010-07-20,30.6800,31.9500,30.4700,31.9000,3265300
2010-07-19,30.6600,30.9100,30.4800,30.8000,1564800
2010-07-16,30.7494,30.9301,30.5292,30.6600,500424
2010-07-15,31.3000,31.3000,30.7900,31.0200,2363000
2010-07-14,31.0100,31.4400,30.8600,31.2900,1873200
2010-07-13,31.6100,31.7000,31.0600,31.1900,2925900
2010-07-12,31.8300,31.9900,31.2500,31.2600,1836300
2010-07-08,31.6100,31.8000,31.2800,31.8000,2982700
2010-07-07,30.9700,31.6000,30.5500,31.4500,4040400
2010-07-06,30.6500,31.0600,30.4400,30.9900,3479000
2010-07-05,30.5000,30.6100,30.0000,30.0000,834900
2010-07-02,30.5000,30.5800,30.1300,30.3000,2921700
2010-07-01,31.0100,31.3300,30.0200,30.1900,4702200
2010-06-30,31.0100,31.8100,30.9200,31.0000,3217200
2010-06-29,30.8600,31.2200,30.7300,31.0400,4790400
2010-06-28,32.1100,32.3100,31.3600,31.3600,1910200
2010-06-25,31.5200,32.3500,31.4200,32.0200,3330000
2010-06-24,32.4900,32.4900,31.6000,31.6200,5488700
2010-06-23,33.4600,33.6800,32.4500,32.6200,7418300
2010-06-22,34.2400,34.3600,33.2400,33.2400,5751400
2010-06-21,34.4500,34.9000,34.0500,34.1700,5697900
2010-06-18,34.3100,34.4400,33.8000,33.8000,1400
2010-06-17,34.4500,34.7700,34.0400,34.4900,5068500
2010-06-16,33.6500,34.7000,33.5100,34.5800,5353400
2010-06-15,33.8100,33.9900,33.3800,33.8800,2578400
2010-06-14,33.8719,33.9205,33.4919,33.8100,948367
2010-06-11,34.5500,34.8600,34.2900,34.5500,3231300
2010-06-10,35.1400,35.4500,34.6500,34.9400,4685500
2010-06-09,34.6700,35.4800,34.5000,34.5500,4575500
2010-06-08,34.1800,34.6000,33.9700,34.4000,3604200
2010-06-07,33.9000,34.6000,33.8000,33.9900,4342800
2010-06-04,33.1400,34.4100,32.9000,33.8000,5114800
2010-06-02,32.7900,33.6900,32.7500,33.3200,2973500
2010-06-01,33.2500,33.9300,32.7500,32.9800,7953600
2010-05-31,33.0760,33.2593,32.9282,33.2500,341077
2010-05-28,32.0500,32.4800,31.9000,32.4100,4836400
2010-05-27,31.7000,32.2900,31.7000,32.0400,4615800
2010-05-26,30.8500,31.6300,30.7000,31.0500,4794300
2010-05-25,30.0000,30.5900,29.5200,30.3900,5618600
2010-05-24,31.3300,31.5900,30.9000,30.9000,2820900
2010-05-21,31.1500,31.9900,30.8600,31.4400,6685200
2010-05-20,31.6900,31.9900,31.0600,31.0600,7558000
2010-05-19,32.8700,33.2000,32.1900,32.1900,5131200
2010-05-18,33.9100,34.0000,32.8400,32.9100,3054700
2010-05-17,34.0000,34.2500,33.1900,33.6300,5279300
2010-05-14,33.5500,34.0300,33.0100,34.0300,4990700
2010-05-13,34.1000,34.3300,33.1000,33.9000,4162200
2010-05-12,33.9900,34.1000,33.6300,33.8600,4080300
2010-05-11,34.0000,34.2600,33.5200,33.5200,3077600
2010-05-10,35.1000,35.3000,34.0700,34.2400,4431000
2010-05-07,34.2000,34.5600,33.0000,33.6600,6410500
2010-05-06,34.1000,34.9900,32.6100,34.0100,9176900
2010-05-05,34.0000,34.8200,33.6400,34.1000,6324900
2010-05-04,35.0900,35.2000,33.7400,34.2100,7593800
2010-05-03,36.7100,36.7100,35.4100,35.8400,6036
2010-04-30,36.7900,37.2600,36.4000,36.9500,3632100
2010-04-29,36.9500,37.1600,36.6100,37.0900,3416600
2010-04-28,36.6900,37.1200,35.8900,36.4000,4701500
2010-04-27,37.3000,37.3100,36.1500,36.3300,4857900
2010-04-26,38.4400,38.4500,37.5100,37.5100,2487700
2010-04-23,37.8500,38.5500,37.7300,38.2800,2318700
2010-04-22,38.2000,38.3900,37.6000,38.1000,3732500
2010-04-20,38.0400,38.7500,37.9600,38.5500,5251500
2010-04-19,36.8400,37.7500,36.6800,37.7000,3831400
2010-04-16,37.7400,37.7900,36.9000,37.0700,4145500
2010-04-15,38.7900,38.7900,37.7700,37.9700,3368500
2010-04-14,38.5000,38.6500,38.2500,38.6500,4189900
2010-04-13,38.6300,38.8000,37.9600,38.3700,4582000
2010-04-12,39.7000,39.9000,38.4500,38.5400,3538300
2010-04-09,40.2700,40.5500,39.7000,39.7000,3367900
2010-04-08,40.1000,40.4600,39.9000,40.4600,2176
2010-04-07,40.4900,40.6700,39.9500,40.3900,2390100
2010-04-06,40.2300,40.8400,40.2100,40.5900,2312700
2010-04-05,40.2600,40.5800,40.0800,40.4000,2364600
2010-04-01,39.8500,40.2300,39.8500,40.1500,2520900
2010-03-31,39.2800,39.7000,39.0300,39.7000,3988700
2010-03-30,39.8100,40.0000,39.2800,39.3000,1859700
2010-03-29,39.5000,39.8700,38.7400,39.4500,3794800
2010-03-26,39.7300,39.7500,38.8200,39.2500,6678300
2010-03-25,40.4900,40.6500,39.3900,39.4500,3380300
2010-03-24,39.8000,40.8200,39.6000,40.3000,4064100
2010-03-23,40.5800,40.6200,39.7500,39.9000,2926600
2010-03-22,40.0000,40.5500,39.5000,40.5500,3468900
2010-03-19,41.3600,41.4000,40.5000,40.5500,10954700
2010-03-18,41.4300,41.8000,41.0100,41.4000,4726200
2010-03-17,41.7900,41.8000,41.1600,41.5500,2625100
2010-03-16,41.3000,41.5400,40.8400,41.5400,3134500
2010-03-15,41.1700,41.5600,40.7000,41.0800,5698400
2010-03-12,41.5000,41.7100,41.2900,41.4900,3862500
2010-03-11,41.1800,41.7000,41.0400,41.3000,3780500
2010-03-10,40.9500,41.3800,40.8300,41.3000,6097800
2010-03-09,39.7000,41.0000,39.6700,40.7100,6838700
2010-03-08,40.0100,40.1900,39.6400,39.9700,3290500
2010-03-05,39.6000,40.1500,39.4700,39.9900,3413100
2010-03-04,39.7000,39.7800,38.8900,39.1900,3489100
2010-03-03,39.4200,40.0500,39.2500,39.4100,5043600
2010-03-02,39.4700,39.5200,39.1000,39.2800,4291200
2010-03-01,38.8200,39.0500,38.2000,39.0500,4747100
2010-02-26,38.4000,38.7000,37.9200,38.7000,5424100
2010-02-25,37.4900,38.3200,37.1700,38.3200,5658800
2010-02-24,38.3100,38.3500,37.4700,38.1400,2885800
2010-02-23,38.5700,38.8200,37.8200,38.1500,5047100
2010-02-22,38.8900,39.0000,38.5000,38.8800,4958100
2010-02-19,38.3200,38.7400,38.1500,38.6000,4276900
2010-02-18,38.2200,38.7000,37.8900,38.7000,4888600
2010-02-17,38.5500,38.6600,37.9700,38.3900,4399800
2010-02-12,37.2700,38.2500,37.1700,38.2500,5306000
2010-02-11,37.6100,38.2000,37.1000,37.8100,7433800
2010-02-10,36.6500,37.3400,36.3200,37.2800,8269800
2010-02-09,36.6000,37.0700,36.3000,36.7600,8539400
2010-02-08,36.0300,36.7200,35.6500,36.1400,4013300
2010-02-05,36.1900,36.4100,34.9500,35.8000,5882800
2010-02-04,37.9400,38.1200,36.3000,36.4500,5426100
2010-02-03,38.3400,38.4300,37.8500,38.2900,2480100
2010-02-02,38.7000,38.7300,38.1300,38.3000,3582500
2010-02-01,38.4900,38.6300,38.0500,38.3200,2930000
2010-01-29,38.9900,39.4100,37.9600,38.2200,4211200
2010-01-28,38.5000,38.8500,37.9000,38.8000,3733100
2010-01-27,37.8300,38.3000,37.2500,38.0000,3054300
2010-01-26,37.7500,38.1100,37.2500,37.8400,4427800
2010-01-22,38.1500,38.7200,37.9500,38.5300,4269700
2010-01-21,39.6100,40.5000,38.1900,38.4400,3838400
2010-01-20,40.2100,40.2900,39.4200,39.5500,3038200
2010-01-19,40.5000,40.8600,40.3000,40.6700,3185500
2010-01-18,40.1000,41.1700,40.0800,40.9000,2254000
2010-01-15,39.5000,40.2000,39.4100,39.9900,4581400
2010-01-14,40.2500,40.4000,39.6100,39.7500,3148700
2010-01-13,40.8600,41.0100,39.7200,40.4000,6290800
2010-01-12,40.9800,41.0000,40.3900,40.7700,2076400
2010-01-11,41.5100,41.8900,41.1200,41.2900,3400300
2010-01-08,41.8000,41.8600,41.1400,41.2500,3116900
2010-01-07,41.5100,42.8700,41.3000,41.5600,2794400
2010-01-06,41.1900,42.0500,41.0500,41.8100,3434000
2010-01-05,41.8500,41.8600,41.1500,41.4000,3828900
2010-01-04,41.7000,41.8600,41.4000,41.6500,4892000
2009-12-29,41.4500,41.5600,41.0400,41.5600,2089700
2009-12-28,41.4500,41.5000,41.0000,41.1500,990300
2009-12-24,41.2606,41.6974,41.2125,41.4500,409645
2009-12-23,40.7500,41.2800,40.4000,41.1500,3133400
2009-12-22,40.6000,41.0000,40.2500,41.0000,3780000
2009-12-21,41.5100,41.8900,40.2000,40.2000,3325200
2009-12-18,41.5000,41.9300,41.0600,41.3400,3446600
2009-12-17,41.9200,42.0500,41.1800,41.4100,3078600
2009-12-16,42.5000,42.6000,42.0000,42.4000,2752100
2009-12-15,41.5500,42.1300,41.2300,42.1300,3818100
2009-12-14,42.1700,42.2500,41.6800,41.7200,4099200
2009-12-11,42.7800,42.7800,41.8800,42.1000,5399800
2009-12-10,42.5700,42.6400,41.8800,42.4000,3073300
2009-12-09,42.5000,42.6400,41.5500,42.1900,2862600
2009-12-08,42.9000,43.4100,41.8000,42.1000,3937700
2009-12-07,43.4200,43.4200,42.9000,43.2700,2735600
2009-12-04,43.8500,44.7200,42.8100,43.1300,3449100
2009-12-03,43.8093,43.8755,43.7329,43.8500,110079
2009-12-02,45.0000,45.3300,44.3600,44.6000,3638000
2009-12-01,44.8000,45.2100,44.1500,45.1000,3372800
2009-11-30,44.3800,44.5100,43.8000,44.1100,3810400
2009-11-27,43.6500,44.2300,43.1200,44.2300,1848000
2009-11-26,44.1500,44.3100,43.5000,43.6000,1609500
2009-11-25,44.3000,45.0000,43.9900,44.8500,2419300
2009-11-24,44.0100,44.2800,43.3400,44.2800,2757500
2009-11-23,44.0600,44.4800,43.7200,44.0000,2974800
2009-11-19,43.2800,44.3000,42.5100,43.9000,4036600
2009-11-18,44.4000,44.8700,43.6500,43.7800,4739300
2009-11-17,43.1500,44.1500,43.0000,44.1500,3111500
2009-11-16,43.1100,43.7000,43.0000,43.0000,2898900
2009-11-13,42.5100,43.3000,42.4400,42.8000,2498700
2009-11-12,43.2500,43.7500,42.4000,42.4000,4028500
2009-11-11,43.6000,43.9700,43.2200,43.6000,3397800
2009-11-10,42.7300,43.4500,42.4700,43.3000,2847400
2009-11-09,42.4900,42.7500,42.1200,42.7000,2614500
2009-11-06,42.2500,42.5100,41.3000,41.6000,1899200
2009-11-05,41.1000,42.1800,41.0800,42.1800,2634200
2009-11-04,41.7500,41.9500,41.1100,41.2000,2401400
2009-11-03,39.8600,41.5600,39.8600,41.0500,3209100
2009-10-30,41.6600,42.2500,39.6900,40.5000,4657500
2009-10-29,41.0800,42.0500,40.5000,41.8000,3290800
2009-10-28,41.4200,42.0000,40.0200,40.2500,4325700
2009-10-27,42.7000,42.9000,41.5300,41.5300,3312300
2009-10-26,42.3500,43.2800,42.1100,42.6000,2731500
2009-10-23,43.5500,43.7900,42.2000,42.4100,2835500
2009-10-22,43.3100,43.7000,42.8100,43.1600,3237700
2009-10-21,43.0100,44.2000,42.9200,43.0000,4693500
2009-10-20,43.0400,43.7600,42.2900,43.2000,5567300
2009-10-19,43.2900,44.2400,42.8200,43.9800,2721200
2009-10-16,42.2600,43.3000,42.2600,42.8000,3066300
2009-10-15,42.2500,43.1300,42.2000,43.0500,3353200
2009-10-14,42.0600,42.4900,41.9800,42.4500,3752000
2009-10-13,41.5000,42.0800,41.5000,41.8300,2740100
2009-10-09,41.3500,41.9000,41.2000,41.6000,2987600
2009-10-08,40.9500,41.5700,40.6600,41.5500,2942200
2009-10-07,40.1900,40.8000,39.9800,40.5000,2450700
2009-10-06,40.3000,40.7300,39.9900,40.3200,3419700
2009-10-05,39.9200,40.1600,39.5000,39.9700,3886300
2009-10-02,39.3700,40.1100,39.3000,39.8200,5123700
2009-10-01,40.4500,40.8500,39.8200,39.9900,2636700
2009-09-30,41.0900,41.2300,40.5100,40.8500,3970500
2009-09-29,40.9100,41.0000,40.2200,40.8400,2415800
2009-09-28,40.0300,40.9500,39.9200,40.8000,2853200
2009-09-25,39.4400,40.2800,39.3600,39.7500,2414000
2009-09-24,40.8900,40.8900,39.5400,39.6500,5925800
2009-09-23,41.3200,41.5800,40.4600,40.4600,3323000
2009-09-22,41.4500,41.6400,41.1500,41.3300,2395400
2009-09-21,40.8900,41.1700,40.3500,41.1500,3026900
2009-09-18,40.7700,41.2600,40.6300,41.0900,3314600
2009-09-17,40.6600,41.5000,40.6600,41.0500,3904600
2009-09-16,40.4300,41.0000,40.1000,41.0000,4740200
2009-09-15,40.1300,40.3800,39.9300,40.2800,3728200
2009-09-14,39.4000,40.1100,39.1900,39.8600,2612600
2009-09-11,40.1900,40.2900,39.4200,39.7500,1749300
2009-09-10,39.6000,40.2800,39.0000,40.1700,2954500
2009-09-09,39.7100,39.9500,39.2800,39.8000,3731500
2009-09-08,39.0600,39.4000,38.6700,39.2800,3259700
2009-09-04,37.8900,38.6700,37.2000,38.4500,4209200
2009-09-03,38.1400,38.5900,37.4500,37.7700,5027400
2009-09-02,37.1500,38.2600,37.1500,37.8600,6680100
2009-09-01,37.8400,38.2600,36.9000,37.3300,8795500
2009-08-31,38.6400,38.6400,36.5200,37.5300,9949300
2009-08-28,39.4000,39.5600,38.3800,39.2900,4653200
2009-08-27,39.9900,39.9900,38.5200,39.3000,4228200
2009-08-26,40.2300,40.3100,39.5700,39.8700,2241600
2009-08-25,40.5400,40.8600,40.1100,40.1100,2173800
2009-08-24,40.8400,41.3000,40.0500,40.3400,3434000
2009-08-21,40.4000,40.7500,40.2500,40.6100,2730700
2009-08-20,39.7200,39.9200,39.4000,39.8000,1916100
2009-08-19,38.5000,39.4000,38.1900,39.4000,2912600
2009-08-18,38.9000,39.0500,38.6800,38.9000,3332200
2009-08-17,38.4300,38.7000,37.9000,38.7000,5974300
2009-08-14,39.4000,39.5000,38.5800,39.1000,3568200
2009-08-13,38.4500,39.3700,38.4500,39.3000,3390500
2009-08-12,38.0000,38.7800,37.9500,38.7000,2795200
2009-08-11,38.7800,38.9300,37.8600,37.8600,2324300
2009-08-10,38.7000,39.1000,38.5100,39.1000,2089200
2009-08-07,38.8000,39.3000,38.6000,39.0400,2478300
2009-08-06,39.3400,39.7900,38.5300,38.8000,2796200
2009-08-05,39.1000,39.3500,38.5600,39.3500,2255200
2009-08-04,39.4900,39.9000,38.9100,39.0900,3491100
2009-08-03,38.9900,39.8600,38.9900,39.7500,1949400
2009-07-31,38.3500,38.9100,38.0800,38.5500,1943400
2009-07-30,38.4100,38.8000,38.2200,38.2200,3463900
2009-07-29,38.7000,38.8600,37.7200,37.8500,4504400
2009-07-28,39.5200,39.7000,38.8100,39.2900,3513400
2009-07-27,40.3100,40.5500,39.5400,40.1000,2501800
2009-07-24,40.0000,40.5000,39.8900,40.1500,2278500
2009-07-23,39.7900,40.6600,38.7000,40.2000,8164700
2009-07-22,39.1400,39.6500,38.9400,39.1800,1958100
2009-07-21,39.7500,40.0400,38.9600,39.5400,2088700
2009-07-20,39.3300,39.7000,39.0200,39.6000,2442200
2009-07-17,39.5541,39.5598,39.0269,39.3300,482728
2009-07-16,37.3300,38.3900,37.1000,38.0000,2287800
2009-07-15,36.9000,37.9400,36.7200,37.6000,3898400
2009-07-14,36.7400,37.2200,36.1000,36.2500,4789400
2009-07-13,36.6500,36.8000,35.4100,36.4000,1771000
2009-07-10,35.9300,36.4700,35.4300,36.4700,3120400
2009-07-09,35.8500,36.1146,35.6309,35.9300,2013
2009-07-08,35.7500,36.4300,34.7100,35.6400,4558200
2009-07-07,36.4400,36.6100,35.7500,36.1500,3958400
2009-07-06,37.0000,37.2700,36.0900,36.5100,6006400
2009-07-03,38.2500,38.3500,37.8900,37.9000,463600
2009-07-02,38.7000,38.7000,37.9000,38.2300,2829100
2009-07-01,40.4900,40.7000,39.0600,39.0600,5553900
2009-06-30,40.6500,41.0800,39.7500,40.0900,3413400
2009-06-29,40.7065,41.0293,40.2498,40.6500,522918
2009-06-26,39.6500,40.0400,39.2000,39.8100,2545500
2009-06-25,38.0000,39.7500,37.9600,39.7500,5023700
2009-06-24,39.3000,39.4000,38.0700,38.2100,4701600
2009-06-23,38.4700,38.7200,37.9700,38.7200,5179300
2009-06-22,39.2300,39.2300,37.8400,38.2000,6455100
2009-06-19,39.7100,40.0000,39.4600,39.8400,3714500
2009-06-18,39.8100,39.8800,39.2200,39.3500,2627000
2009-06-17,40.1000,40.2000,39.2900,39.6700,4864700
2009-06-16,41.7100,41.8600,40.1600,40.5000,5267100
2009-06-15,42.0000,42.0000,40.6700,41.4000,6126100
2009-06-12,42.7900,42.8500,42.1000,42.2400,3345500
2009-06-10,42.7000,42.7000,41.8200,42.3500,2921600
2009-06-09,42.3000,42.5500,41.5100,42.0000,2224200
2009-06-08,41.7000,42.8100,41.3000,42.4000,3063100
2009-06-05,43.5800,43.5800,41.9100,42.3400,3630100
2009-06-04,41.7500,42.5000,41.2900,42.4800,4753000
2009-06-03,42.8900,42.8900,40.7400,41.1900,9066500
2009-06-02,43.8000,44.4500,43.0000,43.1000,5425200
2009-06-01,44.0000,44.7300,44.0000,44.4000,4079200
2009-05-29,44.0000,44.5000,42.9900,43.1600,7207100
2009-05-28,43.0000,43.7800,42.6000,43.5000,5142800
2009-05-27,42.4500,43.0900,42.1700,42.4900,2954800
2009-05-26,41.3700,42.3500,40.7100,42.3500,3452500
2009-05-25,41.3500,41.8000,41.2000,41.3700,367600
2009-05-22,41.2800,41.8000,40.7000,41.2000,2766200
2009-05-21,40.9000,41.1700,40.1500,40.7000,4044000
2009-05-20,41.5700,42.3500,41.1500,41.5000,5744800
2009-05-19,40.9900,41.5700,40.5000,41.0000,2989500
2009-05-18,39.4400,40.9400,38.7600,40.8500,4103500
2009-05-15,39.1200,39.3700,38.5500,38.9800,3982800
2009-05-14,39.3500,39.7100,39.0100,39.5200,3196500
2009-05-13,39.7400,39.9700,39.1700,39.3500,3455500
2009-05-12,41.9200,42.2000,40.2000,40.4500,6411400
2009-05-11,40.8000,41.5400,40.4100,41.3000,3477700
2009-05-08,41.2500,41.7700,40.6600,41.6600,4682700
2009-05-07,41.5000,41.9900,39.8600,40.2600,3668000
2009-05-06,40.8800,42.0500,40.8800,41.0500,6652900
2009-05-05,39.9000,40.7700,39.7600,40.5000,4260300
2009-05-04,37.7300,40.0000,37.5100,40.0000,9162900
2009-04-30,37.4700,37.6700,36.4700,36.8400,5397500
2009-04-29,36.3000,37.1900,35.8000,36.9100,3432900
2009-04-28,35.3400,35.9500,34.9500,35.8000,3509800
2009-04-27,36.2500,36.2500,35.3800,35.7100,5836800
2009-04-24,36.7500,37.1000,36.3100,36.6000,3101800
2009-04-23,36.2000,36.6600,35.9000,36.5100,3673300
2009-04-22,36.5000,36.5300,35.6600,35.7900,6007800
2009-04-20,36.7000,37.0200,35.8300,36.2000,4607400
2009-04-17,37.5000,38.0400,37.1500,37.3500,3042300
2009-04-16,38.0800,38.1800,37.5000,37.8000,5826800
2009-04-15,38.2200,38.5000,37.0600,37.6000,6498700
2009-04-14,38.6000,39.6700,38.3500,38.5800,4388100
2009-04-13,38.5600,39.2400,38.1800,38.9000,4855500
2009-04-09,38.5000,39.1000,38.0000,38.8000,4151300
2009-04-08,38.1000,38.1000,37.0100,37.6000,5258300
2009-04-07,37.6300,38.3900,37.5400,37.7200,3397600
2009-04-06,38.0000,38.4000,37.7400,38.0700,5300500
2009-04-03,38.2500,38.8000,37.8100,38.5000,7285400
2009-04-02,37.8300,39.0000,37.7700,38.4000,6730000
2009-04-01,34.8700,36.8500,34.7000,36.6000,4805700
2009-03-31,36.3000,36.4700,35.3600,35.3800,4929200
2009-03-30,36.2100,36.3000,35.3400,35.7800,4141100
2009-03-27,37.5000,37.6500,36.8000,37.0500,3052200
2009-03-26,39.0000,39.3700,37.9500,38.1800,3885500
2009-03-25,38.4700,38.7900,37.1800,38.3300,4715600
2009-03-24,38.6500,38.8500,37.6400,38.1500,5405700
2009-03-23,37.6000,39.3000,37.4100,38.9700,6872800
2009-03-20,36.3200,37.8800,35.2000,36.3200,6453100
2009-03-19,35.6100,36.9000,35.6000,36.3200,9487000
2009-03-18,34.2500,35.4700,33.7000,35.0000,3381800
2009-03-17,33.7000,34.7700,33.1500,34.6000,3289000
2009-03-16,34.6400,34.7700,33.4000,33.6000,4427000
2009-03-13,34.6000,34.8900,33.9800,34.4000,4833800
2009-03-12,33.6900,34.5000,33.2700,34.3000,5885700
2009-03-11,33.7000,34.2400,33.0800,33.5300,4548500
2009-03-10,32.5000,33.8700,32.2800,33.3200,9921800
2009-03-09,30.8000,32.8000,30.8000,31.5900,5200800
2009-03-06,32.8000,33.5300,30.7500,31.5100,6758000
2009-03-05,31.9200,33.0900,31.7000,32.1000,4295200
2009-03-04,31.7600,33.2000,31.5700,32.5100,8926800
2009-03-03,31.1500,31.5000,29.9000,30.5000,5711000
2009-03-02,32.1900,32.2900,30.6500,30.6800,5710500
2009-02-27,31.6700,33.8600,31.6500,32.7000,9092300
2009-02-26,33.0000,33.8500,32.5000,32.5000,4379400
2009-02-25,31.5000,33.1100,31.0000,32.2500,5865300
2009-02-20,31.2000,32.0200,30.7500,31.5000,4362400
2009-02-19,31.8300,32.7100,31.8000,32.2000,4150300
2009-02-18,32.7000,32.8400,30.9600,31.5700,4284700
2009-02-17,33.0500,33.3600,32.0800,32.3100,5405600
2009-02-16,33.8000,34.2500,33.3500,34.2500,1393300
2009-02-13,33.7900,34.3000,33.1300,33.9200,2772600
2009-02-12,32.3400,33.4900,31.8900,32.7500,3652500
2009-02-11,33.6100,34.4900,32.5500,33.0000,3707000
2009-02-10,34.1000,34.8500,33.0600,33.3800,5773900
2009-02-09,33.0000,34.9000,32.9000,33.6100,6833700
2009-02-06,31.6900,33.5700,31.5000,33.2000,6876200
2009-02-05,31.0800,32.0000,30.5000,31.5000,4058400
2009-02-04,31.1600,32.2800,30.8000,31.1600,4308000
2009-02-03,30.0700,31.0500,29.8300,30.9100,2330800
2009-02-02,29.6100,30.4500,29.6100,29.7600,2415800
2009-01-30,29.9000,31.1700,29.6500,30.3700,2541100
2009-01-29,30.0000,30.4700,29.6500,30.0200,2642100
2009-01-28,29.2700,30.6900,28.9000,30.4500,6221300
2009-01-27,28.5900,28.8400,28.2000,28.3500,3072200
2009-01-26,28.4000,29.3000,27.7900,28.5900,2987200
2009-01-23,27.4600,28.9700,27.1000,28.2400,2948700
2009-01-22,29.4000,29.4100,27.5100,28.3100,4634200
2009-01-21,27.7900,29.1600,27.5900,29.0100,2577600
2009-01-20,28.2500,28.9800,27.4500,27.4500,2256800
2009-01-19,29.1500,29.2600,28.3500,28.4700,721300
2009-01-16,28.9500,29.3500,28.4000,29.0000,3932100
2009-01-15,28.5000,28.5900,26.6300,28.5900,6715800
2009-01-14,28.5100,29.1000,27.5000,27.6800,4208800
2009-01-13,28.1000,29.7000,27.8500,28.7400,2535800
2009-01-12,30.0100,30.0500,28.4300,28.6400,3761400
2009-01-09,30.9000,31.5000,30.1700,30.9000,2591300
2009-01-08,29.3900,30.9500,28.8000,30.9500,2976900
2009-01-07,30.2100,30.4500,29.0000,29.4000,3198500
2009-01-06,30.9000,31.5800,30.3400,31.0200,3186900
2009-01-05,29.6000,31.0600,29.1600,30.5200,3936200
2009-01-02,27.8000,30.0800,27.8000,29.8600,3993700
2008-12-30,27.1000,27.7600,26.4000,27.4900,3880200
2008-12-29,27.2500,27.4000,26.3400,27.0900,1983700
2008-12-26,25.9100,26.9900,25.9100,26.8500,1045400
2008-12-23,26.5800,26.7500,25.8200,25.8900,1647500
2008-12-22,27.9300,28.4600,26.1100,26.1200,4335100
2008-12-19,27.5000,28.4700,27.1000,27.8900,2846200
2008-12-18,29.8800,30.0700,27.8600,28.1000,6053600
2008-12-17,28.9000,30.3300,28.6500,29.6400,6396700
2008-12-16,28.7500,28.9900,28.2000,28.8500,3016100
2008-12-15,28.0800,29.1000,27.2800,27.7500,3230400
2008-12-12,25.8000,27.6000,25.7300,27.6000,3576800
2008-12-11,27.1900,28.8500,26.8000,26.9300,6411100
2008-12-10,24.8800,27.1000,24.8800,26.6600,7017300
2008-12-09,24.4000,25.2500,23.7500,24.2000,4612300
2008-12-08,22.7500,24.4600,22.4800,24.4600,6387500
2008-12-05,21.4400,21.5900,20.2000,21.5000,6948100
2008-12-04,23.0800,23.1400,21.7900,21.7900,3436900
2008-12-03,21.8000,22.9900,20.7800,22.8400,4119600
2008-12-02,22.0200,22.5000,21.5000,21.6400,2723400
2008-12-01,23.2700,23.2700,21.5200,21.7600,3871500
2008-11-28,23.4800,24.4500,22.9500,23.7500,3315400
2008-11-27,23.8900,24.5600,23.5900,23.6200,1458400
2008-11-26,22.4400,24.5900,22.3500,24.2200,4618200
2008-11-25,22.2200,23.6500,21.9000,23.1000,6486100
2008-11-24,21.4200,23.2900,21.2300,22.7100,8238600
2008-11-21,20.8100,21.4000,19.5400,20.2100,9062600
2008-11-19,22.9700,23.9400,22.2000,22.3000,2490800
2008-11-18,24.2000,24.9700,22.9100,23.3000,2303500
2008-11-17,24.1000,25.2400,24.0700,25.0600,2025000
2008-11-14,26.0000,26.2100,24.4200,25.1000,3251200
2008-11-13,24.9400,26.0800,23.8800,25.6300,3463600
2008-11-12,27.8700,27.9000,24.9400,24.9400,4479300
2008-11-11,28.6900,29.3600,27.8000,28.7500,2120200
2008-11-10,30.0000,30.5000,28.5500,29.2900,3082600
2008-11-07,28.4500,29.2500,27.5000,28.2100,2471700
2008-11-06,28.6200,29.7300,26.9200,27.7700,4448000
2008-11-05,30.6000,31.5100,29.4200,29.8100,5236500
2008-11-04,29.2100,31.6000,28.8000,31.0000,4899200
2008-11-03,29.1000,29.3800,27.7500,28.1900,2812900
2008-10-31,27.2900,29.5000,26.7600,28.6100,4878100
2008-10-30,27.0100,28.1500,26.6000,28.1100,6542400
2008-10-29,25.0000,27.0900,24.2000,26.0000,8881400
2008-10-28,23.3000,24.1900,21.3000,24.1900,6135100
2008-10-27,23.7300,23.8900,22.0000,22.0000,4123400
2008-10-24,24.6900,26.6900,23.6100,24.2500,7884300
2008-10-23,27.4500,28.5000,26.0000,27.0000,5721800
2008-10-22,28.4000,29.5000,27.4200,27.9500,5051200
2008-10-21,29.9800,31.4000,28.9000,30.3500,3892600
2008-10-20,28.2000,31.0100,28.2000,30.6500,2747300
2008-10-17,27.1700,29.7200,26.2500,27.4200,5279700
2008-10-16,29.1200,29.4000,25.3200,26.7500,7996700
2008-10-15,32.2600,32.5000,27.8400,29.2900,9384500
2008-10-14,35.3200,36.3200,32.5000,34.0000,5487300
2008-10-13,32.1100,33.6300,30.4600,33.6100,7269200
2008-10-10,29.4400,31.2000,28.1400,30.1000,6883900
2008-10-09,35.3100,35.4000,31.0400,31.0400,7883400
2008-10-08,33.0000,36.9900,32.0000,33.3100,13303700
2008-10-07,36.3200,38.4400,34.1500,34.9500,5743400
2008-10-06,34.9500,37.3000,30.7300,37.1500,5054300
2008-10-03,39.4900,41.5000,37.4300,38.2000,4327600
2008-10-02,41.1900,41.2500,37.5000,38.9000,5164400
2008-10-01,41.8900,42.4800,39.6000,41.6000,4909400
2008-09-30,40.0100,42.2200,39.0200,42.2200,4082700
2008-09-29,41.5000,42.3100,36.4000,39.5000,7827800
2008-09-26,43.1000,43.3900,41.7000,43.0100,2992200
2008-09-25,43.0300,44.2800,42.6300,44.0500,3318200
2008-09-24,41.4100,43.1200,41.0000,42.1200,2811500
2008-09-23,42.3600,43.5300,40.2400,40.9900,5235300
2008-09-22,43.3000,44.9500,42.6100,42.9800,4599000
2008-09-19,42.8700,43.6200,40.4800,42.8800,4725200
2008-09-18,38.2000,40.6300,37.2000,39.3000,5416000
2008-09-17,38.2900,39.1400,36.3000,36.7100,5931200
2008-09-16,35.0000,38.6500,34.0100,38.4900,4248400
2008-09-15,37.0100,38.9100,36.4000,36.4000,4226000
2008-09-12,39.5000,40.7400,38.5100,40.4200,3300100
2008-09-11,36.0000,38.7000,35.0000,38.7000,7783100
2008-09-10,34.5000,35.9300,32.9100,35.1100,6703800
2008-09-09,36.5800,36.6900,34.3000,34.3200,4589300
2008-09-08,40.0000,40.4100,36.9000,36.9000,6896100
2008-09-05,38.0000,38.9400,37.0000,38.7000,5051000
2008-09-04,40.4900,40.8500,38.2000,38.6200,3082500
2008-09-03,40.8200,41.4200,39.3000,40.0900,3014000
2008-09-02,41.1900,41.6800,40.4600,40.8100,4069000
2008-09-01,42.5500,42.5500,41.5000,41.8100,913100
2008-08-29,43.5600,44.0200,42.6600,42.6600,2088200
2008-08-28,43.9000,44.1000,42.6800,43.3000,2585400
2008-08-27,42.7600,43.3200,42.5400,43.2000,2253600
2008-08-26,41.6500,42.8000,41.0000,42.0100,2297400
2008-08-25,42.4000,43.1600,41.6300,41.6500,2092000
2008-08-22,43.3100,43.9400,42.3600,43.1100,2468300
2008-08-21,42.5000,43.8200,42.5000,43.3100,2180000
2008-08-20,40.5400,42.3900,40.5400,42.0000,3520300
2008-08-19,38.4000,40.8600,38.0000,40.0400,3251700
2008-08-18,40.0500,40.6500,38.7700,38.9000,1183500
2008-08-15,40.4400,40.9000,39.6000,40.0500,2331400
2008-08-14,41.9900,41.9900,40.6000,40.9000,2082400
2008-08-13,40.0000,42.0800,39.2000,41.2500,4319300
2008-08-12,40.4000,41.4000,40.0900,40.2000,2231800
2008-08-11,41.2600,41.8000,39.4800,39.8600,2641500
2008-08-08,40.9800,41.6000,40.2300,41.0000,2155300
2008-08-07,41.8500,42.6000,40.9500,41.3200,1830700
2008-08-06,40.2100,41.6000,39.8600,40.7100,2837400
2008-08-05,40.6000,41.0100,39.0000,39.6500,5536300
2008-08-04,42.1700,42.1700,39.8500,40.1100,2739800
2008-08-01,43.9900,44.1800,42.1200,42.2800,2165300
2008-07-31,44.4300,44.8500,43.5500,43.9400,3548000
2008-07-30,43.0200,44.9000,42.3000,44.6100,4899300
2008-07-29,42.0500,42.9000,41.5600,42.5400,3502600
2008-07-28,42.0100,43.4000,42.0100,42.0800,2518300
2008-07-25,41.8000,42.4500,40.7400,41.7100,3152000
2008-07-24,43.8400,44.3200,41.6900,41.8700,3265600
2008-07-23,45.3900,45.6500,43.9400,44.0100,3529600
2008-07-22,46.5400,46.8500,45.1700,45.5200,2700900
2008-07-21,46.6100,47.3800,46.2000,47.0300,2942800
2008-07-18,46.7900,46.9900,45.4000,46.0100,2445400
2008-07-17,48.0200,48.4500,45.4000,46.0000,4227700
2008-07-16,48.7900,48.9000,47.0000,48.0300,4935700
2008-07-15,48.8600,49.3600,47.7100,48.7900,4514800
2008-07-14,50.2000,50.2500,49.4200,49.6000,2092500
2008-07-11,49.0300,50.5900,48.9800,49.4600,3258300
2008-07-10,49.2000,49.6900,47.8500,49.0300,4327300
2008-07-08,51.3000,51.3600,48.6700,49.7300,3369300
2008-07-07,53.1200,53.7000,51.0000,51.2600,2441700
2008-07-04,51.8000,53.1500,51.7500,52.6000,1188900
2008-07-03,54.4900,54.7500,51.7500,51.8500,2053200
2008-07-02,56.3000,57.2000,53.9700,54.0000,2747300
2008-07-01,56.0000,57.3100,55.6700,56.3000,2277400
2008-06-30,55.5900,57.0300,55.3500,56.4500,2972600
2008-06-27,55.1900,55.5600,54.4000,55.0000,3078300
2008-06-26,53.3100,55.1700,53.3100,54.8000,4122700
2008-06-25,53.3100,55.1400,52.0000,54.6900,4489700
2008-06-24,53.4000,54.3300,52.9900,53.2000,1646600
2008-06-23,52.7900,54.0700,52.3100,53.4100,1849200
2008-06-20,53.3400,53.9900,52.1600,52.4000,2611500
2008-06-19,55.2700,55.3000,53.1000,53.3900,3246100
2008-06-18,55.4200,56.0000,54.6500,55.3000,2936600
2008-06-17,56.2100,56.5500,55.5100,56.0200,2914400
2008-06-16,56.0900,56.6000,55.3000,55.7900,4185600
2008-06-13,55.3400,56.2500,54.9900,55.6100,3294700
2008-06-12,54.6100,55.4700,53.9900,54.5400,3317300
2008-06-11,54.6000,55.4600,54.3000,54.4000,3738600
2008-06-10,55.0000,56.0500,53.4500,54.3000,2975500
2008-06-09,56.3100,56.8500,54.9000,55.9600,2268400
2008-06-06,56.4900,57.8000,55.6100,56.1500,3093200
2008-06-05,53.9500,56.0600,53.6000,56.0600,3867200
2008-06-04,55.1900,55.1900,52.9200,53.5000,3695000
2008-06-03,58.2000,58.3900,55.2800,55.4900,4036800
2008-06-02,57.7900,58.9700,56.8100,58.4400,6010600
2008-05-30,57.7297,58.2441,57.2558,57.7900,430226
2008-05-29,60.1300,61.0300,58.0100,58.0100,3276700
2008-05-28,58.7000,60.5500,57.8000,60.4900,3276700
2008-05-27,61.1500,61.2900,58.3700,59.2000,5113700
2008-05-26,60.3900,61.7000,60.0700,61.7000,1449000
2008-05-23,60.1500,60.9900,58.8800,59.9500,5541600
2008-05-21,62.5300,63.9000,61.8300,62.3000,4748400
2008-05-20,59.1600,61.5000,59.0600,61.5000,4297700
2008-05-19,58.0500,60.0600,57.9100,59.6900,4919400
2008-05-16,57.3000,57.9000,56.5100,57.9000,3372600
2008-05-15,55.9000,56.4300,54.8000,56.4000,3638000
2008-05-14,56.0000,56.5000,55.0200,55.3600,3491300
2008-05-13,56.7600,56.8500,55.5000,56.2400,5171600
2008-05-12,54.5900,55.2100,53.6600,54.9200,5171600
2008-05-09,53.7900,54.7400,53.0900,54.7400,2339400
2008-05-08,53.9800,54.8000,53.1300,53.9000,2082600
2008-05-07,54.2000,55.0600,53.0800,53.8100,4653700
2008-05-06,52.4900,54.2900,52.2600,54.2900,3898400
2008-05-05,52.0000,52.9000,51.4500,52.8000,5612900
2008-05-02,52.4900,52.6000,50.6200,51.5100,4537000
2008-04-30,50.1600,52.1800,49.0200,50.6000,6830200
2008-04-29,51.7900,51.7900,49.6500,49.7400,3189700
2008-04-28,51.8900,52.6500,51.3000,51.8500,2934800
2008-04-25,51.5000,52.2400,50.7500,51.5000,4197800
2008-04-24,52.0000,52.5950,50.5500,51.0000,4553200
2008-04-23,52.8500,53.2100,52.0650,52.1050,1940800
2008-04-22,53.0300,53.7000,52.7450,52.8050,2389600
2008-04-18,52.1000,52.7350,51.3000,52.2000,2307000
2008-04-17,50.5750,52.1000,50.2750,51.8000,4315600
2008-04-16,51.8500,52.1000,50.3250,50.8250,4051200
2008-04-15,50.9250,52.0300,50.1750,51.5550,5989000
2008-04-14,47.2450,52.3500,46.7600,51.2050,9333800
2008-04-11,48.0950,48.3800,47.4050,47.5550,1084400
2008-04-10,48.6450,48.6800,47.7500,48.5150,1267600
2008-04-09,48.0000,49.0250,47.9000,48.3000,1259000
2008-04-08,47.2400,48.4000,46.7600,48.3400,1796800
2008-04-07,47.7500,48.4800,46.9100,47.2750,2357600
2008-04-04,47.5050,48.4750,47.1500,47.4400,1650000
2008-04-03,46.7000,48.1400,46.1050,47.4300,2600200
2008-04-02,45.8450,47.2500,45.7500,46.7500,2208000
2008-04-01,45.4900,45.6650,44.2900,45.6550,3098200
2008-03-31,44.5150,45.2000,43.6750,44.8350,3845800
2008-03-28,44.6000,44.9350,43.7600,44.0700,1788000
2008-03-27,45.4600,45.7250,43.9100,44.1750,1609600
2008-03-26,44.7550,45.7500,43.9050,45.2500,4073800
2008-03-25,43.2450,44.7850,42.7500,44.7850,5418400
2008-03-24,41.7050,43.4000,41.6500,42.3400,2979800
2008-03-20,41.6450,41.9750,40.6850,41.6250,3580200
2008-03-19,45.1000,45.3450,41.9000,41.9000,4484800
2008-03-18,45.4250,45.4950,44.4450,45.0050,2665200
2008-03-17,45.0000,45.3250,43.6900,44.5000,4093600
2008-03-14,47.4050,47.9700,45.9500,46.9950,4470200
2008-03-13,47.5000,47.5000,46.2650,47.2600,3981800
2008-03-12,48.2750,48.7550,47.5000,47.9500,2376800
2008-03-11,47.0550,48.2000,46.7100,48.1000,4496800
2008-03-10,47.0600,47.6150,46.2150,46.2900,2112400
2008-03-07,47.4300,48.0450,46.4300,47.0400,2285200
2008-03-06,48.5350,49.1000,47.6900,47.6900,2848400
2008-03-05,47.8000,48.9200,47.4850,48.5000,4136200
2008-03-04,48.3500,48.7300,46.5750,47.1500,4991800
2008-03-03,49.0150,50.1000,47.6400,49.1000,4527200
2008-02-29,51.2550,51.8000,48.8500,48.8500,5764200
2008-02-28,51.9450,52.3000,51.5000,52.0250,2674200
2008-02-27,50.7450,52.3950,50.6500,51.9450,6619200
2008-02-26,50.5050,51.6800,49.8500,51.1050,4423200
2008-02-25,50.4500,51.0700,50.0300,50.9950,2099800
2008-02-22,50.6500,51.7500,49.5950,50.5800,1892200
2008-02-21,51.8650,52.0000,50.5000,50.7300,2849200
2008-02-20,50.5000,51.9300,50.5000,51.5250,3005400
2008-02-19,51.2550,52.1200,50.8000,50.9500,1910200
2008-02-18,50.9500,51.0000,50.2500,50.9300,826600
2008-02-15,50.1700,50.4200,49.3250,49.9400,1809800
2008-02-14,51.4950,51.6300,50.2850,50.4650,3062800
2008-02-13,50.0100,51.1250,49.9800,50.8000,3451800
2008-02-12,50.3500,51.3900,49.8100,49.8100,3175400
2008-02-11,49.1000,50.3500,49.0550,49.7600,3684200
2008-02-08,48.7600,49.5400,48.4250,48.8200,2151800
2008-02-07,46.8000,49.2500,46.7650,48.6800,3824400
2008-02-06,47.1000,47.8500,46.8850,47.1200,4090600
2008-02-01,49.5950,49.5950,48.0000,49.0500,2134600
2008-01-31,48.2750,48.3050,46.9900,48.2000,4454000
2008-01-30,47.8700,49.7250,47.6350,49.7250,2825400
2008-01-29,49.0000,49.3500,47.7000,48.5000,3132400
2008-01-28,45.1250,48.5600,44.7550,48.5600,4438000
2008-01-24,44.0000,46.3800,43.2600,45.6000,4551400
2008-01-23,43.0450,43.0450,41.0000,42.3000,4163000
2008-01-22,40.4500,44.4500,39.4650,43.1300,8482800
2008-01-21,39.9500,39.9500,38.4750,39.0000,3130600
2008-01-18,42.4500,43.1400,40.7700,42.2000,4401800
2008-01-17,43.9800,44.4500,40.7500,41.5550,3750200
2008-01-16,45.2950,46.0000,43.0400,43.9000,3972800
2008-01-15,47.8900,48.0500,45.5300,45.9000,3145200
2008-01-14,48.7700,48.9500,47.8750,48.2500,2356800
2008-01-11,49.2900,49.7500,48.5000,48.5000,3182200
2008-01-10,50.0050,50.7650,48.5550,49.3000,4951200
2008-01-09,49.1950,50.3450,48.8250,50.3400,3531400
2008-01-08,47.8450,50.4750,47.8100,49.5000,2623400
2008-01-07,48.8250,48.9650,46.6900,46.6900,3180200
2008-01-04,51.5000,51.7500,48.3000,48.3500,5930200
2008-01-03,51.8750,52.2900,51.2500,51.4000,4006800
2008-01-02,51.5000,52.5000,51.4000,52.1550,2610800
2007-12-28,51.8500,52.5000,51.3500,52.5000,3690600
2007-12-27,51.9000,52.1000,50.8150,51.6750,2315200
2007-12-26,51.7000,51.9000,50.5200,51.7500,3325400
2007-12-21,50.5000,50.9000,49.9000,50.3050,3440600
2007-12-20,47.9850,49.4050,47.5550,48.9500,3230200
2007-12-19,47.0050,47.9950,46.4500,47.9000,2891400
2007-12-18,46.5250,47.0500,45.2950,46.5500,2237800
2007-12-17,46.5944,46.6596,46.4629,46.5250,697140
2007-12-14,48.7550,49.4300,47.5150,47.8500,3763600
2007-12-13,48.0000,49.3750,47.8200,48.1550,2239600
2007-12-12,47.5000,50.2000,46.7500,49.5100,6441600
2007-12-11,46.6500,47.9550,46.4300,47.2450,4363200
2007-12-10,47.0800,47.0800,46.1300,46.4000,3412000
2007-12-07,48.1500,49.5100,46.7800,46.9500,3425200
2007-12-06,48.2253,48.2853,47.8764,48.1500,155598
2007-12-05,44.2650,46.2400,44.2650,46.1500,3806000
2007-12-04,42.8000,44.2650,42.7500,43.7450,3782000
2007-12-03,43.5000,43.5000,42.0700,43.0000,3776400
2007-11-30,43.2550,44.2000,42.3000,42.3000,6421400
2007-11-29,44.0050,44.3000,42.7000,43.2550,4160800
2007-11-28,44.3050,44.9400,43.1150,43.2550,3655400
2007-11-27,42.7500,44.1850,41.9550,43.4050,2973400
2007-11-26,45.0150,45.8500,44.0000,44.0000,3280000
2007-11-23,45.0000,45.6750,44.6500,44.7000,2995800
2007-11-22,44.9500,45.0000,44.0950,44.6750,2283600
2007-11-21,45.5000,46.4250,44.1550,44.3500,5193200
2007-11-19,46.0250,46.0250,44.7050,45.1500,3395600
2007-11-16,44.9500,46.3700,44.9500,46.0250,3879200
2007-11-14,46.1500,47.3750,46.1000,46.2550,3425200
2007-11-13,44.5000,45.8550,42.5800,45.3100,4497200
2007-11-12,45.8600,47.1000,44.3450,44.5050,3441600
2007-11-09,52.2500,52.5000,45.0000,47.9550,10098600
2007-11-08,42.5000,48.5000,42.2550,46.6500,10225600
2007-11-07,40.4950,41.8400,40.3250,40.7600,3983200
2007-11-06,40.3050,40.7750,39.6550,40.7400,5194600
2007-11-05,40.2300,40.3000,39.0850,39.0850,5171800
2007-11-01,40.5050,41.2350,40.0850,40.8300,4332200
2007-10-31,40.6000,41.9750,40.1250,41.3900,5421200
2007-10-30,40.8250,41.7200,39.9250,40.0750,6021400
2007-10-29,41.0000,42.1250,41.0000,41.7400,6019400
2007-10-26,41.0521,41.0524,40.9228,41.0000,626320
2007-10-25,38.7450,39.0500,38.1000,39.0500,4245600
2007-10-24,37.2400,38.6500,36.5750,38.6500,2149200
2007-10-23,36.5000,37.3450,36.1450,37.3450,3037800
2007-10-22,35.7500,36.4150,35.0800,36.1450,3037800
2007-10-19,38.3000,38.5250,36.2750,36.5000,3275600
2007-10-18,38.4900,38.7350,38.0200,38.5000,4611600
2007-10-17,38.3000,38.9000,37.5750,38.8500,4605200
2007-10-16,38.4750,39.2000,38.2500,38.2500,3153800
2007-10-15,38.8250,38.9000,38.0250,38.7500,3151600
2007-10-11,37.7750,38.6200,36.8900,37.4750,6711800
2007-10-10,36.6950,37.8250,36.5000,37.7950,6139400
2007-10-09,36.0950,36.8150,36.0900,36.7300,3760000
2007-10-08,35.6700,36.0950,35.3250,36.0950,3748600
2007-10-05,35.0000,36.1700,35.0000,35.9350,2240600
2007-10-04,34.5000,34.9650,33.4700,34.6000,5186800
2007-10-03,35.0750,35.5250,34.2800,34.2800,3342800
2007-10-02,35.2750,35.7000,34.7550,35.3800,3337400
2007-10-01,34.6000,35.5000,34.6000,35.2300,4077200
2007-09-28,35.2500,35.4150,34.3900,34.6500,5260600
2007-09-27,35.0000,35.3900,34.7000,35.3900,3295400
2007-09-26,34.5000,35.0000,34.0500,34.6650,3856600
2007-09-25,34.8200,34.8200,34.2050,34.4000,3851200
2007-09-24,34.4600,35.0250,34.2900,35.0000,5297600
2007-09-21,34.4654,34.5715,34.3161,34.4600,131056
2007-09-20,33.5000,33.5100,32.8600,33.0050,2550600
2007-09-19,33.5100,33.9150,33.0300,33.1500,2925600
2007-09-18,32.1100,33.4600,32.0050,33.0000,2912200
2007-09-17,31.6500,31.9500,31.1600,31.7400,2349000
2007-09-14,31.7550,32.5550,31.5900,31.6250,2022800
2007-09-13,32.0300,32.7500,32.0300,32.2750,2738400
2007-09-12,31.6500,32.5850,31.6500,31.9000,2717000
2007-09-11,31.2550,32.0900,31.1250,31.8050,2716000
2007-09-10,31.2500,31.4050,30.6750,30.8550,3070000
2007-09-06,31.3550,32.0250,31.3550,31.6000,2316200
2007-09-05,30.7550,31.3300,30.7500,31.1250,2983600
2007-09-04,30.6500,31.5800,30.5000,31.2500,463400
2007-09-03,30.5000,30.9750,30.4550,30.6500,461600
2007-08-31,29.9300,30.9250,29.8000,30.5000,4867000
2007-08-30,28.8500,29.5850,28.2850,29.2550,3344600
2007-08-29,28.6000,29.0750,28.6000,28.8500,3943400
2007-08-28,28.6050,28.9450,28.3500,28.4750,2696800
2007-08-27,28.9500,29.2900,28.6050,29.0000,2151600
2007-08-24,28.6000,29.0900,28.2800,29.0700,3549400
2007-08-23,28.5000,29.2000,28.1500,28.6750,4229800
2007-08-22,27.7500,28.8450,27.6000,28.4800,5562400
2007-08-21,27.2500,27.5250,26.8600,27.2600,2782600
2007-08-20,27.4500,27.7150,26.7450,27.2000,4632800
2007-08-17,28.3500,28.5050,26.7450,27.1300,7677000
2007-08-16,27.4450,27.8550,25.9000,27.8500,8756400
2007-08-15,28.7600,29.5650,28.0000,28.2600,5020000
2007-08-14,29.0850,29.9400,28.8050,28.9500,3951200
2007-08-13,29.4300,29.8500,28.8050,29.0800,3600400
2007-08-10,29.0000,29.8600,28.8000,28.9800,4782600
2007-08-09,29.7500,30.1500,29.4000,29.5000,3086000
2007-08-08,29.8050,30.9800,29.8050,30.5800,3289400
2007-08-07,29.2750,30.2450,29.0550,29.6500,4782800
2007-08-06,29.0400,29.6100,28.3500,29.4050,3341400
2007-08-03,30.2500,30.5000,29.0600,29.2250,3419200
2007-08-02,30.3400,30.7500,29.9600,30.3500,1701200
2007-08-01,30.2500,30.6400,29.5750,30.1000,3962600
2007-07-31,31.3100,31.8950,30.5050,30.5050,2985200
2007-07-30,30.0550,31.2350,29.9800,30.9950,2178600
2007-07-27,30.5000,31.3400,29.4650,29.4650,2366600
2007-07-26,31.0500,31.5000,29.8650,30.5150,4127600
2007-07-25,31.6950,32.1800,30.5000,31.9050,4729600
2007-07-24,32.6550,32.8000,30.9150,31.3300,3230000
2007-07-23,32.4450,33.1000,32.2000,33.1000,2745600
2007-07-20,32.7000,32.7000,32.1250,32.3700,1919600
2007-07-19,32.5000,32.8500,32.5000,32.6750,2096200
2007-07-18,32.1500,32.3750,32.0050,32.3100,2020000
2007-07-17,31.8000,32.3900,31.8000,32.1950,2415200
2007-07-16,32.2450,32.2450,31.5800,31.8500,2637800
2007-07-13,31.6400,32.5000,31.5000,32.1650,2315600
2007-07-12,31.3500,31.9950,31.0850,31.8500,2621000
2007-07-11,30.9300,31.3100,30.6200,31.0250,1984800
2007-07-10,31.5900,31.6450,30.6500,30.8500,4634800
2007-07-06,31.1050,31.5900,31.0700,31.4250,2182600
2007-07-05,30.5300,31.1950,30.5000,31.1000,3145800
2007-07-04,30.6000,31.0450,30.4500,30.6750,923200
2007-07-03,29.9000,30.7500,29.9000,30.7000,1338600
2007-07-02,29.7500,30.1000,29.3600,30.0750,1921000
2007-06-29,29.2800,29.7750,29.0750,29.3900,2402000
2007-06-28,29.1800,29.5300,29.0000,29.0750,3377400
2007-06-27,28.8550,29.3550,28.7100,29.1750,1399000
2007-06-26,29.3750,29.5500,28.8750,29.0450,2463400
2007-06-25,29.5600,29.6250,28.8300,29.3050,6081800
2007-06-22,29.2450,29.5000,29.0800,29.3350,2231000
2007-06-21,29.1300,29.5650,29.0500,29.2500,2941600
2007-06-20,29.4150,29.6150,29.0000,29.0500,2879400
2007-06-19,28.9950,29.6150,28.9000,29.3750,2573200
2007-06-18,29.2500,29.2500,28.9600,29.1000,3594600
2007-06-15,28.6150,29.1350,28.6150,28.9000,3193400
2007-06-14,27.9750,28.5000,27.9750,28.4800,3091000
2007-06-13,27.2500,28.0000,27.2500,27.9400,4749000
2007-06-12,27.1100,27.5500,27.0000,27.2500,2681400
2007-06-11,26.9000,27.3150,26.7350,27.2450,2680600
2007-06-08,26.2550,26.9950,26.1000,26.6800,3358600
2007-06-06,26.1481,26.4614,26.0091,26.2550,538158
2007-06-05,26.9000,27.3350,26.8000,27.2000,2481600
2007-06-04,26.2650,26.9500,26.2500,26.9500,2917000
2007-06-01,26.2500,26.5950,26.1250,26.5950,1431200
2007-05-31,26.4700,26.5000,25.8800,25.8800,2469400
2007-05-30,25.6500,26.3500,25.4500,26.3500,4064800
2007-05-29,26.4000,26.5500,25.8900,25.8900,2705400
2007-05-28,26.4150,26.5000,26.1500,26.4050,1146200
2007-05-25,26.2550,26.4300,25.9300,26.2500,1957200
2007-05-24,26.6500,27.0550,25.9100,26.0650,2838800
2007-05-23,26.5000,26.8750,26.5000,26.7000,2733600
2007-05-22,26.4250,26.5600,26.3250,26.4750,2611000
2007-05-21,26.3100,26.7200,26.2000,26.4400,2407000
2007-05-18,26.1000,26.4000,25.9250,26.2500,2199200
2007-05-17,26.0000,26.3500,25.7650,26.0300,2566200
2007-05-16,25.5850,26.0750,25.3900,26.0450,2995600
2007-05-15,25.5300,25.7500,25.2200,25.4000,2096400
2007-05-14,25.2200,25.8200,25.1500,25.4250,2298800
2007-05-11,25.4500,25.8450,25.2400,25.6300,2459400
2007-05-10,25.5900,25.6000,25.0100,25.1500,2650400
2007-05-09,25.5000,25.6500,25.2450,25.5050,3850200
2007-05-08,25.2500,25.6850,24.9650,25.4900,3850200
2007-05-07,25.8950,25.8950,25.3000,25.3500,1378200
2007-05-04,26.1750,26.3450,25.7800,25.9000,2491600
2007-05-03,25.8600,26.2050,25.8000,26.2050,3130800
2007-05-02,25.9950,25.9950,25.6300,25.7500,3126800
2007-04-30,26.0000,26.3400,25.6000,25.6000,2833400
2007-04-27,26.0500,26.1500,25.7500,26.0000,2351800
2007-04-26,26.6500,26.8000,26.2000,26.2000,2333800
2007-04-25,26.1800,26.8400,26.1000,26.6500,1863600
2007-04-24,26.2000,26.2450,25.8250,26.0500,2085000
2007-04-23,26.5100,26.5100,26.0250,26.2050,1966800
2007-04-20,26.5850,26.5850,26.0200,26.2500,1507400
2007-04-19,26.3500,26.3500,25.5250,26.1400,2758400
2007-04-18,26.6850,26.8350,26.4850,26.5000,2309400
2007-04-17,27.2050,27.4250,26.6500,26.8500,1754200
2007-04-16,26.9900,27.4200,26.9300,27.2450,2025200
2007-04-13,26.5250,26.9000,26.4300,26.8000,2325000
2007-04-12,25.7700,26.5350,25.7700,26.4500,2904600
2007-04-11,26.2500,26.5000,25.9250,25.9500,2138600
2007-04-10,25.8000,26.2850,25.7650,26.2500,3164000
2007-04-09,25.9000,26.3300,25.8550,25.9000,2566600
2007-04-05,25.6000,26.1050,25.5550,25.9500,2119400
2007-04-04,25.2250,25.8450,25.1450,25.7650,2581000
2007-04-03,25.6400,25.7500,25.2500,25.3750,2737600
2007-04-02,25.6500,25.8100,25.5300,25.7250,1922600
2007-03-30,25.7500,26.0500,25.4150,25.8700,3869600
2007-03-29,24.5500,26.0500,24.5500,25.7550,5555000
2007-03-28,24.5500,24.7600,24.3750,24.4000,2133000
2007-03-27,24.5500,24.7050,24.3500,24.4000,2213000
2007-03-26,24.6500,24.7250,24.2750,24.6750,1587400
2007-03-23,24.5000,24.7500,24.3500,24.5000,2297200
2007-03-22,24.2500,24.5600,24.1300,24.3600,2165600
2007-03-21,23.3000,24.0450,23.2500,23.9500,2550400
2007-03-20,23.0500,23.3000,22.8350,23.1750,3128200
2007-03-19,23.0000,23.0000,22.6250,22.7750,2504800
2007-03-16,22.9300,23.1050,22.4250,22.4250,2227000
2007-03-15,23.4400,23.4400,22.7600,22.8500,2037000
2007-03-14,22.9750,23.1450,22.5200,23.0950,2582400
2007-03-13,23.2250,23.4950,22.8750,22.9900,3917000
2007-03-12,23.1550,24.0000,23.1550,23.4000,2476600
2007-03-09,23.8800,24.0000,23.4500,23.6500,1589600
2007-03-08,23.5000,23.7800,23.3500,23.5600,1586800
2007-03-07,23.2450,23.6000,22.7400,22.7400,2532400
2007-03-06,23.0500,23.3750,22.9000,23.2500,2552800
2007-03-05,22.4500,22.7500,22.1650,22.5100,4432200
2007-03-02,23.4950,23.6050,22.8950,22.9950,4240800
2007-03-01,23.6450,23.7000,22.7550,23.6700,3801400
2007-02-28,24.1000,24.2500,23.6000,23.9250,5298800
2007-02-27,24.0800,24.5750,23.7500,24.0000,1753000
2007-02-26,25.1200,25.3250,25.0850,25.1200,1747400
2007-02-23,24.9800,25.3000,24.9550,25.0000,2873800
2007-02-22,24.7000,24.9450,24.5500,24.9000,3363800
2007-02-21,24.4000,24.5500,24.0300,24.5500,2128600
2007-02-16,24.5750,24.6900,24.3000,24.4950,837600
2007-02-15,24.7800,25.0250,24.4200,24.5000,2386000
2007-02-14,25.4500,25.5000,24.6500,24.7250,2858800
2007-02-13,24.7200,25.1750,24.6000,25.1500,2847200
2007-02-12,25.0550,25.0800,24.6500,24.7200,3350000
2007-02-09,25.3500,25.5000,25.0000,25.0500,4264600
2007-02-08,25.0000,25.5000,24.8150,25.4950,4177600
2007-02-07,25.6500,25.6500,24.8750,25.0100,3317400
2007-02-06,26.2450,26.2450,25.4500,25.6450,3429400
2007-02-05,26.0000,26.3050,25.8950,26.0000,2488000
2007-02-02,25.8950,26.2800,25.7350,26.2250,2246400
2007-02-01,26.3950,26.3950,25.8500,25.9200,3367800
2007-01-31,25.7000,26.0000,25.4500,26.0000,3127600
2007-01-30,25.4500,25.9500,25.2500,25.8300,2071200
2007-01-29,26.0250,26.0250,25.3000,25.3500,2013600
2007-01-26,26.0497,26.2387,25.9161,26.0250,308113
2007-01-24,26.1550,26.3500,25.6100,26.3200,2803000
2007-01-23,25.4000,26.1500,25.2500,26.1300,2539200
2007-01-22,25.2600,25.5500,25.0700,25.2750,1940800
2007-01-19,24.3550,25.2000,24.3500,25.2000,2991400
2007-01-18,24.6500,24.9500,24.1000,24.1250,3299200
2007-01-17,24.6450,24.7850,24.3050,24.5750,4041600
2007-01-16,25.0000,25.0000,24.5250,24.5750,2282400
2007-01-15,25.3250,25.4950,25.0500,25.1200,1933600
2007-01-12,25.1500,25.3500,24.9500,25.2600,2702400
2007-01-11,25.1000,25.8100,24.9000,25.1750,5136200
2007-01-10,24.6500,25.1000,24.5500,25.1000,3232800
2007-01-09,25.4000,25.5000,24.7500,25.1500,3146200
2007-01-08,25.6500,26.0300,25.4050,25.6500,5008600
2007-01-05,25.9450,26.2000,25.2100,25.5000,5007000
2007-01-04,26.7000,26.7500,25.9500,26.0000,6536200
2007-01-03,27.5000,27.8000,26.5450,26.8000,6623800
2007-01-02,27.5283,27.6424,27.3489,27.5000,753576
2006-12-28,27.1750,27.5000,26.7500,27.2450,2436200
2006-12-27,26.6500,27.1500,26.6000,27.1500,1640800
2006-12-26,26.4000,26.6500,26.3500,26.6050,1645800
2006-12-22,26.4000,26.6250,26.2000,26.2750,1492200
2006-12-21,26.6450,26.8000,26.1500,26.4950,2058000
2006-12-20,26.4500,26.6950,26.2250,26.6500,3382200
2006-12-19,26.0000,26.2500,25.4900,26.1750,3376800
2006-12-18,26.3300,26.7450,25.9650,26.0500,5086200
2006-12-15,26.4300,26.4950,26.0550,26.2200,1708400
2006-12-14,26.3000,26.4000,26.0000,26.1750,2047200
2006-12-13,26.1000,26.1300,25.6700,26.0250,2423200
2006-12-12,26.2500,26.3500,25.9500,25.9900,2252200
2006-12-11,26.2100,26.4750,26.1000,26.2400,1409200
2006-12-08,26.2500,26.5000,26.0500,26.2500,1410600
2006-12-07,26.2000,26.2900,25.9050,26.1500,1923400
2006-12-06,25.9950,26.3450,25.9500,26.0650,2368800
2006-12-05,25.7000,26.2500,25.7000,26.0950,2140800
2006-12-04,25.2500,25.7750,25.0750,25.7450,1587200
2006-12-01,25.5500,25.5500,24.9750,25.2500,1640000
2006-11-30,25.5350,25.7000,25.3500,25.5000,2761200
2006-11-29,24.6500,25.5000,24.6500,25.4250,3980400
2006-11-28,24.5050,24.7850,24.1500,24.6500,2656400
2006-11-27,24.4500,24.7100,24.2700,24.5000,2503200
2006-11-24,24.3750,24.7450,24.3750,24.5750,1362800
2006-11-23,24.7050,24.7350,24.5050,24.6000,876000
2006-11-22,24.7250,24.7750,24.2100,24.6900,1673200
2006-11-21,24.1500,24.6450,24.0000,24.6450,1935600
2006-11-20,24.1177,24.1732,23.9652,24.1500,960906
2006-11-17,23.9000,24.1500,23.5700,24.1500,3686200
2006-11-16,24.5750,24.7750,24.0750,24.1000,2562000
2006-11-15,24.7059,24.7429,24.3898,24.5750,405918
2006-11-14,24.5000,24.7300,24.1500,24.4950,3683200
2006-11-13,24.5200,24.8900,24.2000,24.2150,3501800
2006-11-10,24.8450,25.1150,24.4500,24.9750,1475400
2006-11-09,24.7600,25.1250,24.5500,24.6750,2259800
2006-11-08,24.0000,24.7200,23.8500,24.7200,1883200
2006-11-07,24.1500,24.4500,23.9800,24.0500,3787200
2006-11-06,24.0050,24.3450,23.9000,24.3450,2021600
2006-11-03,23.3650,23.9350,23.3600,23.9000,1542200
2006-11-02,23.3760,23.3848,23.1895,23.3650,407078
2006-11-01,23.5050,23.6900,23.2500,23.3750,1475600
2006-10-31,23.5500,23.7000,23.0000,23.7000,1680400
2006-10-30,23.8450,23.8450,23.3750,23.4000,1332200
2006-10-27,23.8500,24.1950,23.7000,23.8450,1741400
2006-10-26,24.1350,24.4200,23.7700,24.0000,1355200
2006-10-25,23.2750,24.2000,23.1650,24.1900,3915800
2006-10-24,22.7050,23.4000,22.6000,23.3300,5920200
2006-10-23,22.8550,22.8550,22.3000,22.7450,2795200
2006-10-20,23.1700,23.1750,22.7200,22.8450,2363400
2006-10-19,22.8450,23.1700,22.4000,23.1450,3124400
2006-10-18,22.8050,23.0350,22.5150,22.6250,1839000
2006-10-17,23.2450,23.2450,22.6200,22.6750,2372000
2006-10-16,23.0000,23.3400,22.7350,23.2950,3185000
2006-10-13,22.8000,23.0700,22.6300,23.0000,4434400
2006-10-12,22.7059,22.9118,22.6303,22.8000,608460
2006-10-11,22.3000,22.3900,22.0950,22.2850,3455000
2006-10-10,22.4500,22.4950,22.1500,22.3450,1798000
2006-10-09,21.7500,22.6700,21.7500,22.2950,1717000
2006-10-06,21.8950,22.0750,21.6000,22.0550,2555800
2006-10-05,22.2000,22.3650,21.7150,21.9250,3260600
2006-10-04,21.4550,21.9500,21.0000,21.9500,4371600
2006-10-03,22.2950,22.2950,21.2550,21.3450,3641200
2006-10-02,22.5000,23.0500,22.3000,22.4000,2048800
2006-09-29,22.6500,22.7700,22.4500,22.6750,3559800
2006-09-28,22.3450,22.8900,22.2750,22.6500,3095400
2006-09-27,21.7000,22.3500,21.5000,22.3500,3895000
2006-09-26,21.4250,21.9000,21.2000,21.7000,4140000
2006-09-25,21.1500,21.3850,20.5500,21.2500,4138200
2006-09-22,21.1900,21.5000,21.0400,21.1500,3018800
2006-09-21,21.1500,21.4500,20.7550,21.3250,3933200
2006-09-20,21.6000,21.8200,20.8250,21.0750,3846600
2006-09-19,22.1750,22.2050,21.5250,21.7450,2877600
2006-09-18,21.6250,22.2050,21.5050,22.1750,1799600
2006-09-15,21.8050,21.9700,21.1750,21.4000,3867000
2006-09-14,22.4450,22.4750,21.6000,21.7100,2627800
2006-09-13,21.8550,22.5400,21.6000,22.4850,3759600
2006-09-12,21.5750,22.1050,21.5000,21.6550,2548200
2006-09-11,21.8500,22.4200,21.5000,21.8450,3454400
2006-09-08,23.2250,23.2250,22.5150,22.6600,73248600
2006-09-07,23.2544,23.3492,23.1950,23.2250,515408
2006-09-06,23.9850,24.1000,23.1350,23.2200,128138192
2006-09-05,24.4250,24.4250,23.9850,24.0400,66376696
2006-09-04,24.7250,24.7250,24.1750,24.4900,69094472
2006-09-01,24.0000,24.3750,23.8500,24.2350,57050584
2006-08-31,24.0000,24.2500,23.7350,23.7600,124614568
2006-08-30,24.1250,24.2450,23.5250,24.0050,54123016
2006-08-29,24.2600,24.4250,23.8150,24.0800,74751288
2006-08-28,24.4250,24.4250,24.1000,24.2050,88115952
2006-08-25,24.1500,24.5650,24.1500,24.5000,52409688
2006-08-24,24.0050,24.3850,23.3450,24.2450,113315560
2006-08-23,24.7000,24.7700,23.8050,23.8050,129466152
2006-08-22,24.6750,24.8750,24.4550,24.6700,100110784
2006-08-21,24.7950,24.9400,24.6450,24.6450,66188272
2006-08-18,24.5300,24.8500,24.3250,24.8500,43061700
2006-08-17,25.1000,25.1000,24.3500,24.5050,74873088
2006-08-16,25.1800,25.3250,24.9550,25.1000,139990336
2006-08-15,25.0000,25.3800,24.8500,25.1700,100029776
2006-08-14,25.2650,25.3000,24.7750,24.8500,89508368
2006-08-11,25.5500,25.7750,25.0000,25.4000,1428800
2006-08-10,25.4900,25.6750,25.3400,25.6700,44522712
2006-08-09,26.0000,26.1200,25.6350,25.7450,63075864
2006-08-08,25.9500,26.0850,25.7000,25.7750,70598160
2006-08-07,25.5950,25.9850,25.4800,25.8950,54543944
2006-08-04,25.7300,26.1000,25.3100,25.6450,77950312
2006-08-03,25.4400,25.9000,25.3000,25.6800,72839664
2006-08-02,25.0600,25.6500,25.0600,25.6100,55872828
2006-08-01,24.8250,25.1950,24.6750,25.0600,125180832
2006-07-31,25.0950,25.2000,24.8500,24.9750,47024640
2006-07-28,24.9500,25.2250,24.8500,25.1700,80001896
2006-07-27,24.7200,25.2450,24.7200,24.9950,1972200
2006-07-26,24.3550,24.9450,24.2900,24.7250,1926000
2006-07-25,24.0000,24.5500,24.0000,24.4550,2085200
2006-07-24,23.5000,24.3450,23.4000,24.2500,98106672
2006-07-21,24.0000,24.0000,23.1500,23.3750,66672512
2006-07-20,24.3500,24.4000,23.5450,23.5600,826000
2006-07-19,23.7000,24.2450,23.4000,24.2450,83247896
2006-07-18,23.9500,24.1000,23.1750,23.5500,81602000
2006-07-17,24.5000,24.6950,23.5350,23.6000,1740600
2006-07-14,24.5000,24.8050,24.0550,24.7500,43860824
2006-07-13,24.0550,24.4300,24.0550,24.2500,42474980
2006-07-12,24.5650,24.9000,24.3400,24.5000,108989368
2006-07-11,23.8500,24.4900,23.6600,24.4900,58137968
2006-07-10,24.1250,24.1250,23.5000,23.8500,30285964
2006-07-07,24.2800,24.4000,23.6050,24.1000,44082976
2006-07-06,24.2500,24.3650,24.0450,24.1000,106826704
2006-07-05,23.9200,24.2600,23.6000,24.1450,115660968
2006-07-04,24.6200,24.6200,24.0000,24.1000,55952480
2006-07-03,24.0500,24.5500,23.9500,24.4850,86934832
2006-06-30,24.5450,24.5500,23.8250,24.2000,112974992
2006-06-29,23.2500,23.8750,23.2500,23.8000,92861600
2006-06-28,22.6300,23.2050,22.6300,23.0750,83568240
2006-06-27,22.8500,23.2500,22.5500,22.6300,33728644
2006-06-26,22.9500,22.9500,22.5900,22.8500,2481400
2006-06-23,22.1500,23.3700,21.9500,22.9500,78011016
2006-06-22,22.4500,22.9000,22.0450,22.2000,37951920
2006-06-21,21.9500,22.4700,21.0550,22.3700,96557560
2006-06-20,21.5900,22.0450,21.4800,21.5500,100486080
2006-06-19,22.2000,22.2750,21.3500,21.6100,190675072
2006-06-16,21.7500,22.2650,21.3500,22.1450,166813744
2006-06-15,21.6549,21.8941,21.5838,21.7500,654682
2006-06-14,20.4450,21.0000,20.2350,20.8750,156916304
2006-06-13,21.1000,21.3000,20.2300,20.3250,208652672
2006-06-12,22.5000,22.5000,21.2500,21.2800,102895328
2006-06-09,23.0000,23.2450,22.1750,22.2550,87163232
2006-06-08,22.4500,23.0550,21.7000,22.4500,84870392
2006-06-07,23.9250,24.0100,22.6050,22.6050,63613000
2006-06-06,24.4500,24.4500,23.5250,23.9250,123532368
2006-06-05,25.4800,25.4800,24.2300,24.4500,113253448
2006-06-02,25.0500,25.5000,24.9750,25.2500,115842080
2006-06-01,24.8550,25.1650,24.3950,24.7500,145727888
2006-05-31,25.0000,25.3400,24.7150,24.7150,376441376
2006-05-30,25.3550,25.5250,24.7050,24.7550,154160192
2006-05-29,25.6000,25.8250,25.3550,25.5500,939000
2006-05-26,25.0000,25.6450,24.7600,25.6450,132282088
2006-05-25,24.8000,24.8950,24.2500,24.6650,133737656
2006-05-24,24.2500,24.7950,23.7750,24.6450,151793664
2006-05-23,24.7400,25.4800,24.2800,24.4000,158456880
2006-05-22,23.9300,24.8700,23.5950,24.8700,2306600
2006-05-19,25.2500,25.2500,23.8250,24.6550,1838200
2006-05-18,25.4750,25.8350,24.7500,24.8500,2433000
2006-05-17,26.2500,26.5000,25.3500,25.6450,130963008
2006-05-16,26.5050,26.8850,25.9500,26.3050,139938544
2006-05-15,25.8600,26.8550,25.7500,26.5500,126519728
2006-05-12,27.1500,27.2000,26.7000,26.9950,94493480
2006-05-11,27.6250,27.8500,27.1800,27.3000,169124224
2006-05-10,27.0250,27.5950,26.9500,27.4750,81731264
2006-05-09,27.1500,27.7000,26.8000,27.7000,207315840
2006-05-08,26.9850,27.1650,26.6500,27.0950,2085800
2006-05-05,27.1910,27.2530,26.9492,26.9850,918195
2006-05-04,26.2350,26.5650,25.8500,26.1500,5125400
2006-05-03,25.8500,26.4000,25.6350,26.4000,3272200
2006-05-02,25.2400,26.3750,25.2250,26.3750,2460000
2006-04-28,25.2500,25.9950,25.1800,25.5050,1428600
2006-04-27,25.5500,25.7500,24.9000,25.1800,1549400
2006-04-26,25.5000,26.3500,25.3500,25.7250,2793000
2006-04-25,25.5550,25.8950,25.1500,25.5000,2430200
2006-04-24,26.0000,26.1000,25.4250,25.4250,1654400
2006-04-21,25.8912,26.0138,25.7829,26.0000,925776
2006-04-20,26.0000,26.2000,25.2800,25.7950,2559400
2006-04-19,25.6000,26.0000,25.3750,25.8900,3089400
2006-04-18,25.4815,25.6090,25.3982,25.6000,314541
2006-04-17,23.6500,24.2450,23.6500,24.1500,1655800
2006-04-14,23.5789,23.6825,23.4442,23.6500,759246
2006-04-13,23.7750,23.8300,23.5000,23.6100,596600
2006-04-12,23.7750,23.9000,23.5250,23.7000,2057600
2006-04-11,24.2450,24.2900,23.6500,23.7750,1351400
2006-04-10,24.0050,24.3250,23.7500,24.0950,1984000
2006-04-07,24.2200,24.2200,23.7500,24.2000,1026200
2006-04-06,24.0950,24.2950,23.8550,24.2200,1140200
2006-04-05,23.5050,24.0500,23.4000,24.0450,1618200
2006-04-04,23.9500,23.9500,23.4550,23.6650,1464800
2006-04-03,23.3600,24.1550,23.3600,24.1050,2207200
2006-03-31,23.6150,23.6250,23.1500,23.3000,855800
2006-03-30,23.5000,23.8650,23.5000,23.5950,949000
2006-03-29,23.1400,23.6150,22.7600,23.4700,2918400
2006-03-28,23.1000,23.4750,22.8850,23.0000,2122800
2006-03-27,23.1700,23.3500,22.9650,23.2250,1770400
2006-03-24,23.2250,23.4000,23.0550,23.1950,1154600
2006-03-23,23.0950,23.2500,22.8500,23.0500,1258800
2006-03-22,23.0000,23.5800,22.8000,23.1000,3520000
2006-03-21,23.6750,23.7750,23.3000,23.4650,2157600
2006-03-20,23.5750,24.0300,23.4750,23.6950,2285800
2006-03-17,23.8700,24.0000,23.3650,23.7000,1265400
2006-03-16,23.9250,24.0000,23.3650,23.9000,1955600
2006-03-15,23.6000,24.1150,23.6000,23.8500,2785400
2006-03-14,22.7950,23.6000,22.5000,23.5500,1711400
2006-03-13,22.5550,23.4000,22.5150,22.7950,1634800
2006-03-10,22.8900,22.9600,22.2850,22.5000,1888200
2006-03-09,23.2750,23.4000,22.3200,22.5500,2209600
2006-03-08,22.8500,23.2550,22.3500,23.1000,2786200
2006-03-07,24.0000,24.0000,23.0550,23.1500,2650200
2006-03-06,24.7000,24.9850,24.0000,24.0000,1777200
2006-03-03,24.5000,24.7500,24.1050,24.6950,2102200
2006-03-02,24.4500,24.6400,24.1500,24.4750,2546800
2006-03-01,23.7600,24.4650,23.7000,24.4500,2135400
2006-02-28,23.8760,23.8833,23.6182,23.7600,613630
2006-02-24,24.1800,24.6000,24.1800,24.4500,2098200
2006-02-23,23.8000,24.1750,23.3550,24.1750,2195400
2006-02-22,24.4950,24.6000,23.6300,23.8400,4136200
2006-02-21,24.9500,24.9750,24.0500,24.2500,3983600
2006-02-20,24.5000,24.7000,24.0500,24.5000,1184600
2006-02-17,24.1250,24.4000,23.6600,23.9550,2422400
2006-02-16,22.8000,23.6000,22.7550,23.5400,3330200
2006-02-15,22.6250,23.0000,22.4500,22.4800,3107400
2006-02-14,22.5000,22.7000,22.1000,22.3850,2896400
2006-02-13,22.9250,23.1250,22.3550,22.4000,1658400
2006-02-10,23.8950,23.9500,22.6350,22.8000,1830000
2006-02-09,23.9000,23.9500,23.2650,23.4450,2929600
2006-02-08,23.9500,24.0650,23.4000,23.5500,2180400
2006-02-07,24.9950,24.9950,23.8650,23.9250,1459800
2006-02-06,24.5000,24.9750,24.5000,24.9300,1781200
2006-02-03,24.7500,24.7500,24.0450,24.4750,2076800
2006-02-02,25.5500,25.6750,24.3000,24.6450,2574800
2006-02-01,25.8500,25.9750,25.4550,25.6500,1699200
2006-01-31,25.7500,25.8450,25.2000,25.8450,3604400
2006-01-30,25.0000,25.5700,24.5800,25.5400,1783800
2006-01-27,25.2500,25.7000,24.7650,24.8950,2674400
2006-01-26,24.9000,25.1500,24.6000,25.1250,3697200
2006-01-25,24.7223,25.0346,24.7209,24.9000,285926
2006-01-24,24.9250,25.5950,24.9250,25.1750,2160000
2006-01-23,24.5000,24.9500,24.2650,24.8900,2149200
2006-01-20,24.3200,24.7000,24.2550,24.6000,1111800
2006-01-19,24.2750,24.5550,24.1750,24.4400,1323200
2006-01-18,23.5050,24.0400,23.5050,23.8000,1894200
2006-01-17,24.3450,24.7500,23.7650,24.0050,3048800
2006-01-16,23.6500,24.6250,23.6150,24.4500,1003800
2006-01-13,23.7500,24.0050,23.4350,23.6900,1890600
2006-01-12,23.5000,24.2950,23.3050,23.7500,2588000
2006-01-11,22.7950,23.5650,22.7000,23.5450,1791200
2006-01-10,22.6000,22.6750,22.0900,22.6000,3397600
2006-01-09,22.5000,22.7250,22.2800,22.4500,1720200
2006-01-06,22.4293,22.5856,22.4167,22.5000,32926
2006-01-05,21.8000,21.9000,21.2250,21.8000,1775000
2006-01-04,21.7137,21.8697,21.6053,21.8000,619993
2006-01-03,21.6000,21.8800,21.2400,21.6000,2521600
2006-01-02,21.6479,21.6716,21.5242,21.6000,583331
2005-12-29,20.6500,20.7100,20.3700,20.6500,1011600
2005-12-28,20.3750,20.4500,20.1100,20.3750,2287400
2005-12-27,20.1250,20.3700,19.9500,20.1250,921800
2005-12-26,20.2051,20.2541,19.9894,20.1250,116961
2005-12-23,20.3000,20.5000,19.9900,20.3000,354600
2005-12-22,20.4500,20.5450,20.2500,20.4500,590200
2005-12-21,20.3200,20.4500,20.1000,20.3200,1062600
2005-12-20,20.0750,20.0950,19.7850,20.0750,1836000
2005-12-19,20.0500,20.3500,20.0050,20.0500,1379400
2005-12-16,20.1500,20.4000,20.0600,20.1500,545000
2005-12-15,20.0750,20.4250,19.9550,20.0750,798600
2005-12-14,20.4400,20.5000,20.0500,20.4400,1345400
2005-12-13,20.2350,20.3500,19.8050,20.2350,998800
2005-12-12,20.0700,20.4000,19.8650,20.0700,1068600
2005-12-09,19.9500,20.0500,19.8500,19.9500,766800
2005-12-08,19.8550,20.2250,19.3050,19.8550,1172800
2005-12-07,19.6300,20.1000,19.4500,19.6300,958000
2005-12-06,19.9750,20.0250,19.4500,19.9750,1898000
2005-12-05,19.7800,20.0450,19.7000,19.7800,2528800
2005-12-02,19.4000,19.9450,19.3500,19.8000,1276400
2005-12-01,18.8000,19.3100,18.7000,19.2750,1593800
2005-11-30,18.4450,18.8000,18.0750,18.8000,3047800
2005-11-29,18.3500,18.5000,17.9600,18.5000,1686000
2005-11-28,18.9800,19.1000,18.0500,18.0850,1515800
2005-11-25,18.9250,19.0000,18.8100,18.9200,707000
2005-11-24,19.0000,19.0500,18.6500,18.9250,548200
2005-11-23,18.7000,19.0700,18.6750,19.0700,1225800
2005-11-22,18.0000,18.8450,17.8800,18.7550,2129000
2005-11-21,18.0650,18.1650,17.9500,18.1650,605600
2005-11-18,17.8000,18.0500,17.7250,18.0350,1528400
2005-11-17,17.8700,18.1000,17.8000,17.8500,1205800
2005-11-16,17.0000,17.6700,16.9000,17.6700,891600
2005-11-14,16.9000,17.2800,16.5000,17.1500,1003800
2005-11-11,17.4000,17.4000,16.5550,16.8850,2046600
2005-11-10,17.7500,18.0000,17.0500,17.3200,1947200
2005-11-09,18.1050,18.2500,17.5250,18.0000,1413200
2005-11-08,17.7250,18.0700,17.4250,18.0700,1781600
2005-11-07,18.1200,18.3000,17.5350,17.7100,1767000
2005-11-04,18.6950,18.8250,17.8500,17.9450,2323800
2005-11-03,18.3000,18.8500,18.2000,18.6750,2135000
2005-11-01,17.9550,18.5000,17.7500,18.0750,2069800
2005-10-31,17.7500,18.0000,17.4900,17.8250,1606600
2005-10-28,17.5500,17.6750,17.4000,17.5500,2355000
2005-10-27,18.0000,18.1000,17.3300,17.3750,1195400
2005-10-26,17.7350,18.2500,17.7350,18.0000,1833600
2005-10-25,18.0000,18.2000,17.7350,17.9650,2034600
2005-10-24,17.2050,18.1500,17.0750,18.1500,2710000
2005-10-21,16.7650,17.2050,16.7000,17.1750,1430400
2005-10-20,17.5500,17.7450,16.3850,16.6550,2967400
2005-10-19,17.0000,17.5750,16.7250,16.7500,3745000
2005-10-18,18.0000,18.0950,17.1350,17.1500,1643400
2005-10-17,17.7500,18.0000,17.5800,18.0000,1439800
2005-10-14,17.9000,17.9500,17.1250,17.5000,850800
2005-10-13,17.5000,17.7800,17.2250,17.6500,1960000
2005-10-11,17.9000,18.1250,17.8500,18.0050,2225800
2005-10-10,18.0750,18.1250,17.6000,17.6750,972800
2005-10-07,17.9900,18.3000,17.7000,17.9000,1785200
2005-10-06,18.5050,18.5050,17.2500,17.7000,2474800
2005-10-05,19.2550,19.2550,18.2800,18.4750,1579600
2005-10-04,20.1800,20.2250,19.2500,19.2500,2770000
2005-10-03,20.1250,20.2950,20.0000,20.1750,878200
2005-09-30,20.0050,20.1250,19.7050,20.1250,2006600
2005-09-29,20.5050,20.7500,19.9850,20.0500,1041000
2005-09-28,20.4000,20.6250,20.3000,20.5000,1262400
2005-09-27,19.7500,20.2500,19.6300,20.2500,2810200
2005-09-26,20.0050,20.1000,19.4250,19.9250,1725800
2005-09-23,20.3750,20.4250,20.0000,20.0500,1267200
2005-09-22,20.9150,21.0250,20.1500,20.3000,1612400
2005-09-21,20.9169,20.9656,20.8765,20.9150,219087
2005-09-20,20.1000,20.2500,19.9750,20.2500,1360400
2005-09-19,19.5550,20.1500,19.5550,20.1450,1636200
2005-09-16,19.5000,19.7750,19.3450,19.7500,1377000
2005-09-15,19.5500,19.5600,19.3250,19.5000,976800
2005-09-14,19.1000,19.3500,19.0600,19.2500,1728200
2005-09-13,19.4000,19.4000,19.0100,19.0150,1422200
2005-09-12,19.5000,19.5750,19.0500,19.2750,2262800
2005-09-09,18.6500,19.2750,18.6500,19.2500,1004200
2005-09-08,18.6000,18.6000,18.3600,18.5850,1668800
2005-09-06,18.4750,18.6900,18.2850,18.6900,1484600
2005-09-05,18.5000,18.6000,18.1750,18.3500,613600
2005-09-02,18.7000,18.7000,18.1500,18.2450,1823800
2005-09-01,18.5750,18.7000,18.3400,18.3750,1199800
2005-08-31,18.5753,18.7097,18.4540,18.5750,746059
2005-08-30,18.6065,18.6108,18.5204,18.5753,430966
2005-08-29,18.5834,18.7128,18.5328,18.6065,133852
2005-08-26,18.6080,18.7143,18.4632,18.5834,65039
2005-08-25,18.6357,18.7143,18.4410,18.6080,176557
2005-08-24,18.7188,18.7767,18.5938,18.6357,384013
2005-08-23,18.8146,18.8153,18.6534,18.7188,966943
2005-08-22,18.7218,18.9116,18.6541,18.8146,587868
2005-08-19,18.7547,18.8274,18.6167,18.7218,28819
2005-08-18,18.8992,18.9074,18.7000,18.7547,871706
2005-08-17,18.9586,19.0041,18.8737,18.8992,891645
2005-08-16,18.9944,19.0868,18.8476,18.9586,414685
2005-08-15,18.9445,19.1396,18.8332,18.9944,836088
2005-08-12,19.0924,19.1001,18.8881,18.9445,539338
2005-08-11,19.1790,19.2183,19.0104,19.0924,418150
2005-08-10,19.2228,19.2669,19.1727,19.1790,844144
2005-08-09,19.0926,19.2963,19.0817,19.2228,312729
2005-08-08,19.1794,19.2577,19.0867,19.0926,175149
2005-08-05,19.0626,19.2996,19.0514,19.1794,334998
2005-08-04,19.1583,19.2058,18.9225,19.0626,418318
2005-08-03,19.1865,19.2440,19.0380,19.1583,37968
2005-08-02,19.1459,19.2412,19.0742,19.1865,628108
2005-08-01,19.0943,19.2284,19.0290,19.1459,697226
2005-07-29,19.0880,19.2017,19.0731,19.0943,66502
2005-07-28,18.9931,19.2596,18.9742,19.0880,88546
2005-07-27,18.8599,19.1535,18.8409,18.9931,340337
2005-07-26,18.8316,18.8712,18.8316,18.8599,442729
2005-07-25,18.9502,18.9677,18.8092,18.8316,991829
2005-07-22,19.0088,19.0976,18.9128,18.9502,933492
2005-07-21,18.8445,19.0564,18.8412,19.0088,843070
2005-07-20,18.7904,18.9862,18.6777,18.8445,494454
2005-07-19,18.8392,18.9034,18.7019,18.7904,386973
2005-07-18,18.8279,18.8668,18.6991,18.8392,19696
2005-07-15,18.9363,19.0066,18.6965,18.8279,411646
2005-07-14,18.9358,18.9870,18.7914,18.9363,199552
2005-07-13,18.8631,19.0300,18.8318,18.9358,22498
2005-07-12,18.8153,18.9754,18.7174,18.8631,193777
2005-07-11,18.7321,18.8241,18.6531,18.8153,20165
2005-07-08,18.7671,18.8231,18.7028,18.7321,157317
2005-07-07,18.7145,18.8125,18.6126,18.7671,529821
2005-07-06,18.6871,18.7367,18.5797,18.7145,503154
2005-07-05,18.7473,18.7974,18.6552,18.6871,616487
2005-07-04,18.8007,18.8022,18.6746,18.7473,380513
2005-07-01,18.6598,18.9635,18.6494,18.8007,291613
2005-06-30,18.6946,18.8281,18.5931,18.6598,946581
2005-06-29,18.8051,18.8441,18.6666,18.6946,230446
2005-06-28,18.8165,18.9467,18.7595,18.8051,617061
2005-06-27,18.8197,18.9285,18.6415,18.8165,470761
2005-06-24,18.8634,18.8674,18.8080,18.8197,463023
2005-06-23,18.7992,19.0184,18.7046,18.8634,537677
2005-06-22,18.8436,18.8996,18.6838,18.7992,932042
2005-06-21,18.9340,18.9627,18.8309,18.8436,465203
2005-06-20,18.8958,19.0635,18.7884,18.9340,99575
2005-06-17,18.9231,18.9542,18.7724,18.8958,593507
2005-06-16,18.9758,19.0641,18.8023,18.9231,710570
2005-06-15,18.9209,19.1169,18.9090,18.9758,818302
2005-06-14,19.0607,19.0955,18.8384,18.9209,103489
2005-06-13,18.9968,19.1699,18.8711,19.0607,881099
2005-06-10,19.0642,19.1291,18.9747,18.9968,867566
2005-06-09,19.1730,19.2037,19.0436,19.0642,175214
2005-06-08,19.2535,19.3063,19.0829,19.1730,627703
2005-06-07,19.1828,19.3436,19.1008,19.2535,815860
2005-06-06,19.0592,19.2114,19.0172,19.1828,273875
2005-06-03,18.8996,19.0653,18.8889,19.0592,182812
2005-06-02,18.8158,18.9156,18.7478,18.8996,877036
2005-06-01,18.8066,18.8493,18.7441,18.8158,503038
2005-05-31,18.7628,18.8529,18.7394,18.8066,281399
2005-05-30,18.8199,18.8512,18.7091,18.7628,768430
2005-05-27,18.8328,18.8407,18.7756,18.8199,113653
2005-05-25,18.7643,19.0099,18.7392,18.8328,808389
2005-05-24,18.5930,18.8406,18.5826,18.7643,711134
2005-05-23,18.5781,18.6499,18.5329,18.5930,18530
2005-05-20,18.6093,18.7567,18.4303,18.5781,148705
2005-05-19,18.5473,18.6164,18.5269,18.6093,252070
2005-05-18,18.4514,18.5525,18.4290,18.5473,103000
2005-05-17,18.5013,18.5074,18.3332,18.4514,370980
2005-05-16,18.4591,18.5431,18.4473,18.5013,596232
2005-05-13,18.6166,18.6172,18.3474,18.4591,327850
2005-05-12,18.5781,18.6247,18.5563,18.6166,710028
2005-05-11,18.5574,18.7061,18.4536,18.5781,105897
2005-05-10,18.5543,18.5635,18.5485,18.5574,493622
2005-05-09,18.4539,18.6491,18.3895,18.5543,463087
2005-05-06,18.3569,18.4926,18.3270,18.4539,161603
2005-05-05,18.4548,18.5378,18.2280,18.3569,131939
2005-05-04,18.3428,18.5162,18.2712,18.4548,48243
2005-05-03,18.3198,18.3657,18.2987,18.3428,941490
2005-05-02,18.4910,18.4976,18.2129,18.3198,728457
2005-04-29,18.4828,18.5084,18.3683,18.4910,590032
2005-04-28,18.3556,18.6216,18.3511,18.4828,626294
2005-04-27,18.3791,18.4705,18.2000,18.3556,971545
2005-04-26,18.3425,18.4973,18.2430,18.3791,880566
2005-04-25,18.3548,18.5024,18.1593,18.3425,195780
2005-04-22,18.3074,18.3952,18.2699,18.3548,743678
2005-04-20,18.3715,18.4831,18.2885,18.3074,303070
2005-04-19,18.2956,18.4115,18.2769,18.3715,736157
2005-04-18,18.3363,18.3472,18.1786,18.2956,906524
2005-04-15,18.2935,18.4394,18.2087,18.3363,609355
2005-04-14,18.4438,18.4751,18.1722,18.2935,530905
2005-04-13,18.4671,18.5793,18.3541,18.4438,498556
2005-04-12,18.3827,18.5432,18.3217,18.4671,480378
2005-04-11,18.3856,18.5337,18.2676,18.3827,711081
2005-04-08,18.5153,18.5170,18.2634,18.3856,505074
2005-04-07,18.5695,18.5977,18.3756,18.5153,768371
2005-04-06,18.5946,18.7097,18.5089,18.5695,846731
2005-04-05,18.5674,18.7772,18.4293,18.5946,995277
2005-04-04,18.6042,18.7252,18.3982,18.5674,628011
2005-04-01,18.5564,18.7019,18.4486,18.6042,504920
2005-03-31,18.5879,18.7119,18.5312,18.5564,29249
2005-03-30,18.5033,18.5991,18.4230,18.5879,391875
2005-03-29,18.5057,18.5907,18.4963,18.5033,398272
2005-03-28,18.4344,18.5992,18.3557,18.5057,180470
2005-03-24,18.5176,18.5195,18.3604,18.4344,901234
2005-03-23,18.5851,18.6334,18.4294,18.5176,630634
2005-03-22,18.5659,18.5995,18.4623,18.5851,606374
2005-03-21,18.4580,18.5944,18.4090,18.5659,246343
2005-03-18,18.4755,18.5684,18.3927,18.4580,498027
2005-03-17,18.6032,18.6160,18.3715,18.4755,224579
2005-03-16,18.5420,18.6063,18.5116,18.6032,325106
2005-03-15,18.5164,18.5448,18.5124,18.5420,418287
2005-03-14,18.5422,18.5564,18.4310,18.5164,449895
2005-03-11,18.5219,18.5940,18.5146,18.5422,294522
2005-03-10,18.5554,18.5933,18.3627,18.5219,184505
2005-03-09,18.4989,18.7171,18.3714,18.5554,599218
2005-03-08,18.4908,18.5156,18.4796,18.4989,762530
2005-03-07,18.4549,18.5307,18.4205,18.4908,783052
2005-03-04,18.4255,18.4694,18.3682,18.4549,247022
2005-03-03,18.3253,18.5049,18.2484,18.4255,413818
2005-03-02,18.1995,18.3469,18.1549,18.3253,220992
2005-03-01,18.0639,18.3075,18.0624,18.1995,597648
2005-02-28,18.0828,18.1838,18.0553,18.0639,867550
2005-02-25,17.9673,18.1150,17.9104,18.0828,945587
2005-02-24,17.9003,18.0378,17.8942,17.9673,254332
2005-02-23,17.7706,17.9259,17.7496,17.9003,313562
2005-02-22,17.7779,17.8048,17.7290,17.7706,595310
2005-02-21,17.8589,17.9178,17.7082,17.7779,638614
2005-02-18,17.9061,18.0118,17.7299,17.8589,871119
2005-02-17,17.9378,18.0748,17.8814,17.9061,124656
2005-02-16,17.9641,17.9723,17.7987,17.9378,975761
2005-02-15,17.9471,18.0943,17.9176,17.9641,622190
2005-02-14,18.0171,18.0785,17.8844,17.9471,15926
2005-02-11,17.9534,18.0650,17.8491,18.0171,191847
2005-02-10,18.0118,18.0207,17.8687,17.9534,609834
2005-02-09,17.9368,18.0775,17.9299,18.0118,321456
2005-02-04,17.9806,18.0267,17.9357,17.9368,211434
2005-02-03,18.0577,18.0708,17.9057,17.9806,502335
2005-02-02,18.0977,18.1395,17.8877,18.0577,312487
2005-02-01,18.1595,18.2159,18.0653,18.0977,312379
2005-01-31,18.1755,18.1922,18.1128,18.1595,924681
2005-01-28,18.1420,18.1902,18.0981,18.1755,207548
2005-01-27,18.1211,18.1896,18.0578,18.1420,976142
2005-01-26,18.1486,18.1744,18.0924,18.1211,938181
2005-01-24,18.1691,18.2313,18.1281,18.1486,703063
2005-01-21,18.0763,18.2138,18.0595,18.1691,655966
2005-01-20,17.9832,18.1107,17.9003,18.0763,775311
2005-01-19,18.1346,18.1564,17.9403,17.9832,551788
2005-01-18,18.0529,18.1978,18.0268,18.1346,682671
2005-01-17,18.0737,18.1269,18.0514,18.0529,561522
2005-01-14,18.0556,18.2070,17.9200,18.0737,265805
2005-01-13,18.1150,18.2021,18.0390,18.0556,326350
2005-01-12,18.1216,18.1426,18.0587,18.1150,501501
2005-01-11,18.0045,18.1983,17.9611,18.1216,513827
2005-01-10,17.9331,18.1524,17.9213,18.0045,663437
2005-01-07,17.9206,18.0947,17.8290,17.9331,918285
2005-01-06,17.9619,18.0608,17.8529,17.9206,162627
2005-01-05,18.0056,18.0706,17.8324,17.9619,827153
2005-01-04,17.9903,18.0663,17.9435,18.0056,868826
2005-01-03,18.0718,18.0848,17.9612,17.9903,616399
2004-12-31,18.2195,18.2400,18.0119,18.0718,381572
2004-12-30,18.2532,18.3463,18.1275,18.2195,390014
2004-12-29,18.2076,18.3528,18.1951,18.2532,390727
2004-12-28,18.0768,18.2379,18.0441,18.2076,787007
2004-12-27,17.9460,18.1324,17.9343,18.0768,81623
2004-12-24,18.0131,18.0526,17.9375,17.9460,48489
2004-12-23,17.9693,18.1103,17.9627,18.0131,798605
2004-12-22,17.8731,18.0523,17.8445,17.9693,602252
2004-12-21,17.9018,17.9297,17.8085,17.8731,356291
2004-12-20,17.9342,18.0365,17.7832,17.9018,934341
2004-12-17,17.9920,17.9944,17.9018,17.9342,396679
2004-12-16,17.9476,18.1443,17.8301,17.9920,195214
2004-12-15,17.9448,17.9826,17.9279,17.9476,883844
2004-12-14,17.9302,18.0381,17.7768,17.9448,948546
2004-12-13,17.9125,18.0006,17.7628,17.9302,947642
2004-12-10,17.9788,18.0333,17.8156,17.9125,893119
2004-12-09,18.0288,18.1069,17.8361,17.9788,586299
2004-12-08,18.1887,18.1966,17.9805,18.0288,381755
2004-12-07,18.2299,18.2993,18.1125,18.1887,875077
2004-12-06,18.1275,18.2674,18.0821,18.2299,877960
2004-12-03,18.1898,18.2200,17.9737,18.1275,128813
2004-12-02,18.2558,18.3657,18.1606,18.1898,334983
2004-12-01,18.3235,18.3287,18.2455,18.2558,267783
2004-11-30,18.3906,18.3994,18.2438,18.3235,844487
2004-11-29,18.4238,18.5082,18.3071,18.3906,533251
2004-11-26,18.4014,18.6055,18.2541,18.4238,838596
2004-11-25,18.4647,18.5708,18.3745,18.4014,618097
2004-11-24,18.4177,18.6470,18.3890,18.4647,295024
2004-11-23,18.4790,18.5556,18.2425,18.4177,185389
2004-11-22,18.5262,18.6346,18.3032,18.4790,923277
2004-11-19,18.4651,18.5264,18.4610,18.5262,417462
2004-11-18,18.5323,18.5525,18.4392,18.4651,817459
2004-11-17,18.4108,18.5678,18.3967,18.5323,163558
2004-11-16,18.2969,18.4936,18.2937,18.4108,732935
2004-11-15,18.2610,18.3343,18.2298,18.2969,212975
2004-11-12,18.3840,18.4003,18.2471,18.2610,328440
2004-11-11,18.2765,18.4100,18.2639,18.3840,370189
2004-11-10,18.3075,18.4316,18.1220,18.2765,940599
2004-11-09,18.2590,18.3673,18.1753,18.3075,799788
2004-11-08,18.1121,18.4146,18.0961,18.2590,869002
2004-11-05,18.0288,18.1451,17.9977,18.1121,211986
2004-11-04,18.1305,18.1702,17.9578,18.0288,366974
2004-11-03,18.1190,18.1617,18.0895,18.1305,371353
2004-11-01,18.1887,18.1971,18.0771,18.1190,882044
2004-10-29,18.2347,18.2921,18.1174,18.1887,136990
2004-10-28,18.3012,18.4040,18.2072,18.2347,412215
2004-10-27,18.3464,18.4727,18.1938,18.3012,382537
2004-10-26,18.3514,18.3828,18.3386,18.3464,715381
2004-10-25,18.3577,18.3619,18.3113,18.3514,508109
2004-10-22,18.3540,18.3625,18.3517,18.3577,375164
2004-10-21,18.3561,18.3658,18.2820,18.3540,184107
2004-10-20,18.3057,18.4755,18.2092,18.3561,864788
2004-10-19,18.2851,18.3721,18.1629,18.3057,402614
2004-10-18,18.2504,18.3056,18.2030,18.2851,303487
2004-10-15,18.1973,18.4133,18.0999,18.2504,777671
2004-10-14,18.2052,18.3467,18.1950,18.1973,795629
2004-10-13,18.2081,18.3666,18.1817,18.2052,958423
2004-10-12,18.2005,18.2317,18.1684,18.2081,984346
2004-10-11,18.2308,18.3401,18.0857,18.2005,97409
2004-10-08,18.3268,18.3630,18.1816,18.2308,665136
2004-10-07,18.2494,18.4338,18.2458,18.3268,288355
2004-10-06,18.2646,18.3341,18.2320,18.2494,755036
2004-10-05,18.2779,18.3154,18.1481,18.2646,741277
2004-10-04,18.1947,18.3686,18.1076,18.2779,554980
2004-10-01,18.2461,18.3033,18.1032,18.1947,433966
2004-09-30,18.2313,18.3974,18.1588,18.2461,622748
2004-09-29,18.2416,18.3221,18.1767,18.2313,780628
2004-09-28,18.2094,18.3805,18.1425,18.2416,789838
2004-09-27,18.1965,18.3550,18.0727,18.2094,948909
2004-09-24,18.1514,18.2442,18.0780,18.1965,454726
2004-09-23,18.1122,18.1960,18.0175,18.1514,483459
2004-09-22,18.0526,18.1937,18.0500,18.1122,891652
2004-09-21,18.1062,18.1447,17.9747,18.0526,549729
2004-09-20,18.0313,18.1666,18.0030,18.1062,78261
2004-09-17,18.0004,18.1850,17.9033,18.0313,998142
2004-09-16,17.9767,18.0050,17.9113,18.0004,866167
2004-09-15,18.0952,18.1249,17.8851,17.9767,152399
2004-09-14,18.0453,18.0978,17.9315,18.0952,125621
2004-09-13,18.1696,18.1873,18.0451,18.0453,639868
2004-09-10,18.1218,18.2356,18.0840,18.1696,696022
2004-09-09,18.1015,18.2986,17.9597,18.1218,311745
2004-09-08,18.1973,18.2360,18.0993,18.1015,87588
2004-09-07,18.1928,18.2252,18.1455,18.1973,363279
2004-09-06,18.1225,18.2272,18.0569,18.1928,831375
2004-09-03,18.0011,18.2861,17.9501,18.1225,368077
2004-09-02,18.0277,18.0806,17.9977,18.0011,522854
2004-09-01,18.0113,18.1880,17.9919,18.0277,895199
2004-08-31,18.0242,18.1595,17.9459,18.0113,473691
2004-08-30,18.0893,18.1631,17.9642,18.0242,786255
2004-08-27,18.0837,18.2132,18.0400,18.0893,499484
2004-08-26,18.1016,18.1272,17.9320,18.0837,832272
2004-08-25,18.0993,18.1606,18.0473,18.1016,504921
2004-08-24,18.1722,18.2425,17.9387,18.0993,880870
2004-08-23,18.1964,18.2771,18.1206,18.1722,595284
2004-08-20,18.1824,18.2139,18.1713,18.1964,733641
2004-08-19,18.2698,18.3118,18.0766,18.1824,530492
2004-08-18,18.1649,18.3782,18.1117,18.2698,26108
2004-08-17,18.1451,18.2910,18.0809,18.1649,76116
2004-08-16,18.1958,18.2716,18.0681,18.1451,661234
2004-08-13,18.1150,18.3524,18.1101,18.1958,409961
2004-08-12,18.0887,18.1766,18.0596,18.1150,676983
2004-08-11,18.0428,18.2441,17.9422,18.0887,34295
2004-08-10,17.9733,18.1539,17.8785,18.0428,972315
2004-08-09,17.8333,17.9818,17.8321,17.9733,616552
2004-08-06,17.8522,18.0029,17.7003,17.8333,852101
2004-08-05,17.8482,17.8693,17.7391,17.8522,660800
2004-08-04,17.9370,17.9512,17.7013,17.8482,270211
2004-08-03,17.8717,18.0854,17.8485,17.9370,996638
2004-08-02,17.8188,18.0212,17.7878,17.8717,56120
2004-07-30,17.8521,17.8584,17.6909,17.8188,135533
2004-07-29,17.8440,17.9823,17.7602,17.8521,241772
2004-07-28,17.8494,18.0199,17.6978,17.8440,437797
2004-07-27,17.8974,17.9710,17.8348,17.8494,749995
2004-07-26,17.8501,18.0413,17.7957,17.8974,280694
2004-07-23,17.8982,17.9571,17.7688,17.8501,358374
2004-07-22,17.9753,18.0454,17.8419,17.8982,187372
2004-07-21,17.9500,18.0999,17.8397,17.9753,695953
2004-07-20,17.8800,17.9893,17.8285,17.9500,466864
2004-07-19,17.8928,17.9451,17.8302,17.8800,876177
2004-07-16,17.8749,17.9171,17.8672,17.8928,626966
2004-07-15,17.7854,17.9468,17.7022,17.8749,68916
2004-07-14,17.8042,17.8634,17.6316,17.7854,473373
2004-07-13,17.7988,17.8803,17.6642,17.8042,76917
2004-07-12,17.7455,17.8495,17.7234,17.7988,850560
2004-07-09,17.7281,17.8274,17.7142,17.7455,528674
2004-07-08,17.7058,17.8384,17.6017,17.7281,95344
2004-07-07,17.5988,17.8092,17.5477,17.7058,377855
2004-07-06,17.4834,17.7413,17.4290,17.5988,499994
2004-07-05,17.5126,17.5669,17.3592,17.4834,155713
2004-07-02,17.5016,17.5212,17.5015,17.5126,22132
2004-07-01,17.6664,17.6757,17.3539,17.5016,378375
2004-06-30,17.6062,17.7124,17.5221,17.6664,407546
2004-06-29,17.5844,17.7474,17.4649,17.6062,318035
2004-06-28,17.6110,17.7589,17.5161,17.5844,859091
2004-06-25,17.6178,17.7109,17.4708,17.6110,857943
2004-06-24,17.4574,17.7674,17.4444,17.6178,804437
2004-06-23,17.3521,17.6014,17.3432,17.4574,183554
2004-06-22,17.3738,17.3816,17.3204,17.3521,412536
2004-06-21,17.3387,17.3948,17.2073,17.3738,782436
2004-06-18,17.3482,17.3822,17.3291,17.3387,154815
2004-06-17,17.3885,17.4370,17.2961,17.3482,445216
2004-06-16,17.3486,17.5236,17.2857,17.3885,82908
2004-06-15,17.3460,17.3979,17.3242,17.3486,60338
2004-06-14,17.4350,17.4357,17.3238,17.3460,19568
2004-06-11,17.4419,17.5204,17.4158,17.4350,980771
2004-06-10,17.4281,17.5309,17.4221,17.4419,463278
2004-06-09,17.4262,17.5749,17.3446,17.4281,210840
2004-06-08,17.4017,17.4729,17.2588,17.4262,94959
2004-06-07,17.4896,17.5205,17.2987,17.4017,196171
2004-06-04,17.4887,17.5092,17.4450,17.4896,86255
2004-06-03,17.4255,17.5201,17.3866,17.4887,175124
2004-06-02,17.4575,17.5637,17.3880,17.4255,658761
2004-06-01,17.5160,17.5914,17.4377,17.4575,878373
2004-05-31,17.6315,17.6442,17.5017,17.5160,455909
2004-05-28,17.5696,17.7332,17.5478,17.6315,360069
2004-05-27,17.6006,17.6837,17.5527,17.5696,216506
2004-05-26,17.7323,17.7594,17.4818,17.6006,78525
2004-05-25,17.7891,17.7904,17.6030,17.7323,811199
2004-05-24,17.7117,17.8175,17.6285,17.7891,520276
2004-05-21,17.6910,17.7435,17.6899,17.7117,665507
2004-05-20,17.7501,17.7676,17.6206,17.6910,801997
2004-05-19,17.7180,17.7647,17.6576,17.7501,468989
2004-05-18,17.7497,17.8688,17.6594,17.7180,975667
2004-05-17,17.7422,17.8353,17.7373,17.7497,375205
2004-05-14,17.6867,17.9143,17.5691,17.7422,311399
2004-05-13,17.6021,17.7123,17.5805,17.6867,544111
2004-05-12,17.5143,17.6297,17.5038,17.6021,987251
2004-05-11,17.5323,17.5464,17.4909,17.5143,835756
2004-05-10,17.6853,17.6964,17.5290,17.5323,654779
2004-05-07,17.8226,17.8486,17.6246,17.6853,902682
2004-05-06,17.8195,17.9514,17.7752,17.8226,775883
2004-05-05,17.9244,17.9792,17.7386,17.8195,845785
2004-05-04,18.0639,18.0789,17.8978,17.9244,833757
2004-05-03,18.0272,18.2090,17.8859,18.0639,857023
2004-04-30,18.0320,18.1146,17.8610,18.0272,447417
2004-04-29,17.9978,18.2025,17.9375,18.0320,144222
2004-04-28,18.0584,18.1460,17.9238,17.9978,729761
2004-04-27,18.1026,18.1859,17.9908,18.0584,884862
2004-04-26,18.2069,18.2210,17.9390,18.1026,771495
2004-04-23,18.2057,18.2879,18.1688,18.2069,308083
2004-04-22,18.2100,18.2474,18.0645,18.2057,233643
2004-04-21,18.0494,18.3073,18.0382,18.2100,629428
2004-04-20,17.9765,18.0909,17.9366,18.0494,481746
2004-04-19,17.9745,17.9853,17.8715,17.9765,302957
2004-04-16,17.9395,18.0916,17.8142,17.9745,686500
2004-04-15,18.0151,18.0309,17.9386,17.9395,663494
2004-04-14,18.0587,18.1361,17.9207,18.0151,284000
2004-04-13,18.1534,18.1756,18.0530,18.0587,630850
2004-04-12,18.1274,18.1618,17.9879,18.1534,319271
2004-04-09,18.0625,18.1943,17.9805,18.1274,934251
2004-04-08,18.1376,18.1474,18.0085,18.0625,870347
2004-04-07,18.1610,18.2425,18.1262,18.1376,233080
2004-04-06,18.2232,18.2332,18.0185,18.1610,530295
2004-04-05,18.1971,18.3291,18.1693,18.2232,904532
2004-04-02,18.2376,18.3104,18.1631,18.1971,849642
2004-04-01,18.1855,18.2578,18.1114,18.2376,426860
2004-03-31,18.0330,18.2484,18.0114,18.1855,108570
2004-03-30,18.0116,18.0499,17.9909,18.0330,377440
2004-03-29,18.0034,18.0259,17.9975,18.0116,597896
2004-03-26,18.1108,18.1342,17.9880,18.0034,461211
2004-03-25,18.0040,18.2592,17.9862,18.1108,885964
2004-03-24,18.1118,18.1201,17.9068,18.0040,836758
2004-03-23,18.1027,18.1562,18.0742,18.1118,440050
2004-03-22,17.9849,18.1588,17.9337,18.1027,740704
2004-03-19,18.1140,18.1550,17.9571,17.9849,570589
2004-03-18,18.0864,18.1791,18.0689,18.1140,651106
2004-03-17,18.2145,18.2478,18.0242,18.0864,243782
2004-03-16,18.1424,18.2394,18.0998,18.2145,267622
2004-03-15,18.1400,18.1526,18.1040,18.1424,974390
2004-03-12,18.1259,18.2210,18.0787,18.1400,108469
2004-03-11,18.0467,18.1626,17.9812,18.1259,629586
2004-03-10,18.1917,18.2141,18.0163,18.0467,233305
2004-03-09,18.2343,18.3354,18.1086,18.1917,775454
2004-03-08,18.1575,18.2500,18.0962,18.2343,61218
2004-03-05,18.1200,18.2275,18.0523,18.1575,157765
2004-03-04,18.1419,18.2300,18.0765,18.1200,281296
2004-03-03,18.2039,18.2796,18.0217,18.1419,799001
2004-03-02,18.2240,18.3279,18.1712,18.2039,855620
2004-03-01,18.3146,18.3491,18.2139,18.2240,228551
2004-02-27,18.2481,18.3239,18.2274,18.3146,195554
2004-02-26,18.1562,18.3412,18.1327,18.2481,190680
2004-02-25,18.1238,18.1562,17.9838,18.1562,889092
2004-02-24,18.1917,18.2063,18.1011,18.1238,902982
2004-02-23,18.2032,18.2910,18.1498,18.1917,915080
2004-02-20,18.1695,18.2517,18.0709,18.2032,346829
2004-02-19,18.1148,18.1832,18.1111,18.1695,384119
2004-02-18,18.1873,18.2154,17.9506,18.1148,825222
2004-02-17,18.3231,18.3374,18.0648,18.1873,307393
2004-02-16,18.3647,18.4061,18.2925,18.3231,619045
2004-02-13,18.4246,18.5060,18.3611,18.3647,114468
2004-02-12,18.3884,18.5785,18.3697,18.4246,20346
2004-02-11,18.4600,18.4809,18.3717,18.3884,686417
2004-02-10,18.5504,18.5887,18.4381,18.4600,348254
2004-02-09,18.5539,18.7320,18.4206,18.5504,784520
2004-02-06,18.4720,18.5613,18.3874,18.5539,898989
2004-02-05,18.4036,18.6502,18.3622,18.4720,76944
2004-02-04,18.4560,18.4986,18.3895,18.4036,96172
2004-02-03,18.4230,18.5356,18.2735,18.4560,779929
2004-02-02,18.4502,18.4922,18.2512,18.4230,535179
2004-01-30,18.3403,18.6308,18.3120,18.4502,785694
2004-01-29,18.3577,18.3848,18.2837,18.3403,875635
2004-01-28,18.3298,18.3987,18.1962,18.3577,49156
2004-01-27,18.4474,18.4907,18.1734,18.3298,758259
2004-01-26,18.3498,18.5059,18.2951,18.4474,385032
2004-01-23,18.4135,18.4537,18.2889,18.3498,706131
2004-01-22,18.4175,18.4866,18.3074,18.4135,605611
2004-01-21,18.4537,18.5911,18.2657,18.4175,60158
2004-01-20,18.4332,18.4553,18.3759,18.4537,364379
2004-01-19,18.5982,18.6099,18.3595,18.4332,565275
2004-01-16,18.5832,18.6521,18.5249,18.5982,583314
2004-01-15,18.5571,18.6202,18.5060,18.5832,979974
2004-01-14,18.6962,18.7314,18.5172,18.5571,853894
2004-01-13,18.6938,18.8070,18.6415,18.6962,225711
2004-01-12,18.7814,18.8004,18.6838,18.6938,819694
2004-01-09,18.8753,18.8854,18.7739,18.7814,336007
2004-01-08,18.8483,18.9751,18.7075,18.8753,546668
2004-01-07,18.8101,18.8534,18.7698,18.8483,840258
2004-01-06,18.8023,18.8357,18.7973,18.8101,265571
2004-01-05,18.7758,18.9100,18.6815,18.8023,627303
2004-01-02,18.7766,18.8813,18.6000,18.7758,12481
2004-01-01,18.6364,18.8547,18.6363,18.7766,337484
2003-12-31,18.6594,18.7012,18.6147,18.6364,557744
2003-12-30,18.6388,18.7532,18.5821,18.6594,336939
2003-12-29,18.6392,18.7523,18.5673,18.6388,951225
2003-12-26,18.5545,18.7501,18.5112,18.6392,180581
2003-12-25,18.5539,18.7400,18.3905,18.5545,93443
2003-12-24,18.5456,18.5649,18.4704,18.5539,198158
2003-12-23,18.4859,18.5682,18.4542,18.5456,715555
2003-12-22,18.4438,18.5604,18.4124,18.4859,916615
2003-12-19,18.4165,18.5300,18.3336,18.4438,140271
2003-12-18,18.4592,18.4707,18.2873,18.4165,613356
2003-12-17,18.4996,18.6230,18.2747,18.4592,968400
2003-12-16,18.5369,18.6539,18.3502,18.4996,729519
2003-12-15,18.6287,18.6523,18.3767,18.5369,306834
2003-12-12,18.5785,18.7386,18.5476,18.6287,473504
2003-12-11,18.5334,18.6768,18.4591,18.5785,545454
2003-12-10,18.5862,18.5999,18.5125,18.5334,477069
2003-12-09,18.5218,18.5921,18.4819,18.5862,5796
2003-12-08,18.4415,18.6057,18.3656,18.5218,303418
2003-12-05,18.5393,18.5833,18.4372,18.4415,439326
2003-12-04,18.5350,18.5449,18.4685,18.5393,204785
2003-12-03,18.5397,18.7098,18.5339,18.5350,796528
2003-12-02,18.5647,18.6060,18.4826,18.5397,651003
2003-12-01,18.5349,18.6319,18.4544,18.5647,406059
2003-11-28,18.4901,18.6006,18.4648,18.5349,609658
2003-11-27,18.3418,18.5453,18.3193,18.4901,87368
2003-11-26,18.3387,18.3583,18.3251,18.3418,675984
2003-11-25,18.3502,18.3563,18.2947,18.3387,130446
2003-11-24,18.3700,18.4536,18.2400,18.3502,302282
2003-11-21,18.2119,18.4377,18.1895,18.3700,49542
2003-11-20,18.3685,18.3763,18.1735,18.2119,256629
2003-11-19,18.4862,18.5113,18.2225,18.3685,474782
2003-11-18,18.3907,18.5848,18.3373,18.4862,367176
2003-11-17,18.3742,18.4262,18.2343,18.3907,193685
2003-11-14,18.4151,18.4847,18.3632,18.3742,272530
2003-11-13,18.3790,18.4239,18.2315,18.4151,882830
2003-11-12,18.3774,18.3791,18.3652,18.3790,359044
2003-11-11,18.3729,18.3799,18.3559,18.3774,335299
2003-11-10,18.3635,18.4835,18.3575,18.3729,618400
2003-11-07,18.3900,18.4412,18.1910,18.3635,588647
2003-11-06,18.5181,18.5657,18.2850,18.3900,319328
2003-11-05,18.4397,18.5463,18.3452,18.5181,237349
2003-11-04,18.5439,18.6097,18.4071,18.4397,217676
2003-11-03,18.6059,18.6431,18.4182,18.5439,467552
2003-10-31,18.6145,18.7185,18.4885,18.6059,637136
2003-10-30,18.6177,18.7932,18.4901,18.6145,790005
2003-10-29,18.5787,18.7244,18.4798,18.6177,517254
2003-10-28,18.5909,18.6868,18.5626,18.5787,899749
2003-10-27,18.6174,18.6495,18.4665,18.5909,919843
2003-10-24,18.6105,18.7972,18.5468,18.6174,548707
2003-10-23,18.6620,18.7424,18.5012,18.6105,72364
2003-10-22,18.6659,18.8337,18.5495,18.6620,932707
2003-10-21,18.4965,18.6788,18.4864,18.6659,76463
2003-10-20,18.6130,18.6515,18.4906,18.4965,615300
2003-10-17,18.6554,18.6560,18.5205,18.6130,163297
2003-10-16,18.6311,18.7955,18.6063,18.6554,265098
2003-10-15,18.6951,18.8131,18.6206,18.6311,280061
2003-10-14,18.8025,18.8058,18.6434,18.6951,894627
2003-10-13,18.7837,18.9022,18.6734,18.8025,7802
2003-10-10,18.7936,18.7943,18.6171,18.7837,295747
2003-10-09,18.7439,18.8055,18.7104,18.7936,284032
2003-10-08,18.6466,18.7499,18.6418,18.7439,25069
2003-10-07,18.6461,18.6837,18.5370,18.6466,748111
2003-10-06,18.7590,18.7880,18.4669,18.6461,939118
2003-10-03,18.7691,18.7875,18.6322,18.7590,25752
2003-10-02,18.9037,18.9325,18.5843,18.7691,917291
2003-10-01,18.7862,18.9328,18.7784,18.9037,764295
2003-09-30,18.8694,18.9182,18.7062,18.7862,314837
2003-09-29,18.8615,18.8783,18.7530,18.8694,930743
2003-09-26,18.8842,18.9384,18.7763,18.8615,379746
2003-09-25,18.8689,18.9015,18.7889,18.8842,887905
2003-09-24,18.8844,19.0468,18.6901,18.8689,368101
2003-09-23,18.9074,18.9094,18.8753,18.8844,573431
2003-09-22,18.7847,19.0227,18.7592,18.9074,475451
2003-09-19,18.8243,18.8724,18.5996,18.7847,260426
2003-09-18,18.7943,18.8651,18.6491,18.8243,388327
2003-09-17,18.8004,18.8677,18.6116,18.7943,873032
2003-09-16,18.6882,18.8050,18.6148,18.8004,190026
2003-09-15,18.6194,18.8606,18.5689,18.6882,791855
2003-09-12,18.6019,18.6221,18.5856,18.6194,734642
2003-09-11,18.5678,18.6282,18.5450,18.6019,350832
2003-09-10,18.6167,18.6993,18.3827,18.5678,200988
2003-09-09,18.6360,18.6596,18.5816,18.6167,757108
2003-09-08,18.5354,18.7768,18.4815,18.6360,859191
2003-09-05,18.4997,18.6424,18.3570,18.5354,989732
2003-09-04,18.5315,18.5473,18.4942,18.4997,605598
2003-09-03,18.6467,18.6930,18.3885,18.5315,347472
2003-09-02,18.6379,18.7488,18.4611,18.6467,150794
2003-09-01,18.6181,18.6993,18.5982,18.6379,369742
2003-08-29,18.7136,18.7377,18.5491,18.6181,313121
2003-08-28,18.6234,18.7813,18.6063,18.7136,813537
2003-08-27,18.7558,18.8010,18.4728,18.6234,83577
2003-08-26,18.8476,18.9194,18.7402,18.7558,90177
2003-08-25,18.9668,19.0089,18.7237,18.8476,266628
2003-08-22,18.9333,19.0159,18.9068,18.9668,334246
2003-08-21,18.9037,19.0274,18.8859,18.9333,700425
2003-08-20,18.8238,18.9697,18.7680,18.9037,578978
2003-08-19,18.8370,19.0040,18.7192,18.8238,372561
2003-08-18,18.9936,19.0198,18.7555,18.8370,417024
2003-08-15,19.0298,19.1615,18.8346,18.9936,831159
2003-08-14,19.0352,19.1668,18.8850,19.0298,509458
2003-08-13,19.0922,19.1252,18.8474,19.0352,215820
2003-08-12,19.0699,19.1560,18.9595,19.0922,72242
2003-08-11,19.0436,19.0820,19.0231,19.0699,684684
2003-08-08,19.1891,19.1911,19.0142,19.0436,966472
2003-08-07,19.1742,19.3555,19.0484,19.1891,929823
2003-08-06,19.2362,19.2930,19.0870,19.1742,327951
2003-08-05,19.3244,19.3277,19.2275,19.2362,55650
2003-08-04,19.4087,19.4250,19.2416,19.3244,493791
2003-08-01,19.4529,19.4700,19.2367,19.4087,550790
2003-07-31,19.4967,19.6280,19.3582,19.4529,856117
2003-07-30,19.6263,19.6470,19.3101,19.4967,292695
2003-07-29,19.4857,19.7655,19.4713,19.6263,828066
2003-07-28,19.4022,19.6740,19.3356,19.4857,237643
2003-07-25,19.3749,19.4209,19.3334,19.4022,248066
2003-07-24,19.4755,19.4761,19.2116,19.3749,951796
2003-07-23,19.5575,19.5655,19.4107,19.4755,437937
2003-07-22,19.4502,19.6893,19.4467,19.5575,260764
2003-07-21,19.3390,19.4635,19.3250,19.4502,687607
2003-07-18,19.3079,19.4301,19.2740,19.3390,442560
2003-07-17,19.2100,19.3473,19.1260,19.3079,178305
2003-07-16,19.1766,19.2245,19.0989,19.2100,648253
2003-07-15,19.1523,19.2886,19.0179,19.1766,411028
2003-07-14,19.1550,19.2047,19.1032,19.1523,648921
2003-07-11,19.0367,19.2105,19.0126,19.1550,670310
2003-07-10,19.1501,19.1608,19.0323,19.0367,969979
2003-07-09,19.2105,19.2303,19.1491,19.1501,805570
2003-07-08,19.2643,19.3096,19.1707,19.2105,218420
2003-07-07,19.3105,19.3155,19.2591,19.2643,464812
2003-07-04,19.2022,19.3583,19.1826,19.3105,736073
2003-07-03,19.2710,19.2896,19.0564,19.2022,995015
2003-07-02,19.3820,19.4629,19.2453,19.2710,58105
2003-07-01,19.4283,19.4710,19.2465,19.3820,366320
2003-06-30,19.4003,19.4707,19.3268,19.4283,332515
2003-06-27,19.3337,19.5134,19.2391,19.4003,947852
2003-06-26,19.4168,19.4486,19.1656,19.3337,477823
2003-06-25,19.5682,19.6041,19.2506,19.4168,827575
2003-06-24,19.5604,19.7347,19.5384,19.5682,575885
2003-06-23,19.5131,19.5725,19.4904,19.5604,209128
2003-06-20,19.5117,19.5187,19.5104,19.5131,262012
2003-06-19,19.5858,19.6348,19.5063,19.5117,19302
2003-06-18,19.5110,19.7440,19.4289,19.5858,481701
2003-06-17,19.4844,19.6662,19.4777,19.5110,563138
2003-06-16,19.4254,19.6340,19.3107,19.4844,469728
2003-06-13,19.3739,19.5823,19.2434,19.4254,548837
2003-06-12,19.4731,19.4802,19.3204,19.3739,757612
2003-06-11,19.5688,19.6480,19.4150,19.4731,971301
2003-06-10,19.5590,19.5927,19.4648,19.5688,54733
2003-06-09,19.5558,19.5774,19.4985,19.5590,959101
2003-06-06,19.5266,19.6092,19.4158,19.5558,556799
2003-06-05,19.5977,19.6064,19.4974,19.5266,967496
2003-06-04,19.4343,19.7464,19.4314,19.5977,916872
2003-06-03,19.5260,19.5375,19.3706,19.4343,648401
2003-06-02,19.4906,19.5420,19.4007,19.5260,391807
2003-05-30,19.5548,19.5731,19.4545,19.4906,592771
2003-05-29,19.5199,19.5973,19.3927,19.5548,842494
2003-05-28,19.5237,19.6257,19.5122,19.5199,145992
2003-05-27,19.3854,19.5893,19.3405,19.5237,959468
2003-05-26,19.2879,19.4903,19.2015,19.3854,689558
2003-05-23,19.2951,19.3450,19.2309,19.2879,941959
2003-05-22,19.3524,19.3612,19.2383,19.2951,391093
2003-05-21,19.2625,19.4318,19.1819,19.3524,611837
2003-05-20,19.3296,19.4286,19.1026,19.2625,927398
2003-05-19,19.3298,19.4034,19.2919,19.3296,472754
2003-05-16,19.4000,19.4022,19.1858,19.3298,911836
2003-05-15,19.3921,19.5324,19.3761,19.4000,469202
2003-05-14,19.3213,19.5335,19.2488,19.3921,424250
2003-05-13,19.2510,19.3890,19.2238,19.3213,700492
2003-05-12,19.2818,19.3967,19.2308,19.2510,508252
2003-05-09,19.2637,19.3541,19.2296,19.2818,340910
2003-05-08,19.2937,19.3174,19.2213,19.2637,675599
2003-05-07,19.3940,19.4035,19.2647,19.2937,862963
2003-05-06,19.3119,19.4544,19.2991,19.3940,797648
2003-05-05,19.3293,19.3467,19.1684,19.3119,525038
2003-05-02,19.3283,19.4053,19.2149,19.3293,169937
2003-05-01,19.2342,19.3603,19.2303,19.3283,987577
2003-04-30,19.3060,19.3621,19.2064,19.2342,825997
2003-04-29,19.2445,19.3069,19.2096,19.3060,351506
2003-04-28,19.1490,19.3636,19.1162,19.2445,880819
2003-04-25,19.1293,19.2001,19.0846,19.1490,364623
2003-04-24,19.2031,19.2489,19.0967,19.1293,739526
2003-04-23,19.3412,19.3836,19.0572,19.2031,128981
2003-04-22,19.3136,19.4972,19.2603,19.3412,807120
2003-04-21,19.2161,19.4934,19.1273,19.3136,188561
2003-04-18,19.2192,19.2736,19.2149,19.2161,199274
2003-04-17,19.2572,19.3352,19.1973,19.2192,11021
2003-04-16,19.2596,19.3024,19.1243,19.2572,947627
2003-04-15,19.1684,19.4036,19.1590,19.2596,168163
2003-04-14,19.1597,19.3015,19.1065,19.1684,838394
2003-04-11,19.1907,19.3476,19.1478,19.1597,961621
2003-04-10,19.2242,19.3395,19.0227,19.1907,951761
2003-04-09,19.3872,19.3970,19.0368,19.2242,44734
2003-04-08,19.4389,19.5345,19.2315,19.3872,541564
2003-04-07,19.5892,19.5988,19.2655,19.4389,118242
2003-04-04,19.5382,19.6906,19.4582,19.5892,492999
2003-04-03,19.6947,19.7094,19.5009,19.5382,545329
2003-04-02,19.7276,19.8842,19.5378,19.6947,279497
2003-04-01,19.8014,19.8061,19.5332,19.7276,731166
2003-03-31,19.7635,19.8907,19.7048,19.8014,252050
2003-03-28,19.6871,19.7774,19.6484,19.7635,518535
2003-03-27,19.6814,19.8241,19.6642,19.6871,848164
2003-03-26,19.7155,19.8352,19.6697,19.6814,614896
2003-03-25,19.6483,19.7580,19.6305,19.7155,465793
2003-03-24,19.6262,19.7458,19.5673,19.6483,373126
2003-03-21,19.7434,19.7732,19.6086,19.6262,988917
2003-03-20,19.7863,19.8643,19.7102,19.7434,18293
2003-03-19,19.6551,19.8182,19.6148,19.7863,633130
2003-03-18,19.6144,19.7570,19.4684,19.6551,937253
2003-03-17,19.6108,19.6771,19.5662,19.6144,162310
2003-03-14,19.5165,19.7491,19.4910,19.6108,983199
2003-03-13,19.6301,19.6463,19.3655,19.5165,931671
2003-03-12,19.6892,19.7766,19.4882,19.6301,329271
2003-03-11,19.8214,19.8700,19.6743,19.6892,466178
2003-03-10,19.7595,19.9100,19.7349,19.8214,505008
2003-03-07,19.7280,19.9514,19.6684,19.7595,101916
2003-03-06,19.7443,19.7512,19.7153,19.7280,723910
2003-03-05,19.7360,19.8731,19.6095,19.7443,303251
2003-03-04,19.5870,19.8796,19.5481,19.7360,929350
2003-03-03,19.6246,19.7285,19.5123,19.5870,288203
2003-02-28,19.6886,19.8080,19.5414,19.6246,241949
2003-02-27,19.6766,19.7690,19.6252,19.6886,828682
2003-02-26,19.5218,19.7554,19.4834,19.6766,341720
2003-02-25,19.5338,19.5559,19.3839,19.5218,127921
2003-02-24,19.6467,19.6961,19.3745,19.5338,726743
2003-02-21,19.7843,19.8375,19.6002,19.6467,746973
2003-02-20,19.8632,19.8753,19.6948,19.7843,411059
2003-02-19,19.9627,20.0274,19.6735,19.8632,960089
2003-02-18,19.8567,20.1212,19.7639,19.9627,6368
2003-02-17,19.9357,19.9764,19.8363,19.8567,529967
2003-02-14,19.8359,20.0099,19.8002,19.9357,323284
2003-02-13,19.7474,19.9234,19.6587,19.8359,248310
2003-02-12,19.8164,19.8822,19.5999,19.7474,398976
2003-02-11,19.8673,19.9343,19.7935,19.8164,668499
2003-02-10,19.7526,20.0439,19.6878,19.8673,492121
2003-02-07,19.7861,19.8258,19.7504,19.7526,307520
2003-02-06,19.7536,19.8866,19.6240,19.7861,150561
2003-02-05,19.7447,19.9221,19.5868,19.7536,414402
2003-02-04,19.7974,19.8050,19.6684,19.7447,79873
2003-02-03,19.8774,19.9114,19.7387,19.7974,507347
2003-01-31,19.8098,19.9288,19.7085,19.8774,894144
2003-01-30,19.8316,19.8881,19.6671,19.8098,997415
2003-01-29,19.8761,20.0290,19.7403,19.8316,180003
2003-01-28,19.7974,19.9199,19.7360,19.8761,603546
2003-01-27,19.9020,19.9858,19.6921,19.7974,984993
2003-01-24,19.8113,20.0501,19.7479,19.9020,398306
2003-01-23,19.9076,19.9874,19.6384,19.8113,305383
2003-01-22,19.9161,19.9206,19.8142,19.9076,344670
2003-01-21,19.9225,20.0414,19.8642,19.9161,867796
2003-01-20,19.9201,19.9751,19.8304,19.9225,639276
2003-01-17,19.9152,20.0280,19.7782,19.9201,812366
2003-01-16,19.8799,19.9388,19.8564,19.9152,655272
2003-01-15,19.8845,20.0402,19.7925,19.8799,291447
2003-01-14,19.8646,19.8902,19.8024,19.8845,959585
2003-01-13,19.9192,19.9839,19.8263,19.8646,89422
2003-01-10,19.9321,19.9619,19.8177,19.9192,969912
2003-01-09,19.9976,20.0542,19.8259,19.9321,286193
2003-01-08,19.9826,20.0077,19.9557,19.9976,303341
2003-01-07,19.9908,20.1780,19.9445,19.9826,250568
2003-01-06,19.9485,20.0039,19.8261,19.9908,886508
2003-01-03,19.8161,20.0227,19.7580,19.9485,869372
2003-01-02,19.7092,19.9190,19.6874,19.8161,265572
2003-01-01,19.6965,19.7744,19.6692,19.7092,601857
2002-12-31,19.7575,19.7687,19.5956,19.6965,272515
2002-12-30,19.6600,19.7634,19.6254,19.7575,303324
2002-12-27,19.6503,19.7554,19.6084,19.6600,497016
2002-12-26,19.7524,19.7649,19.5994,19.6503,160014
2002-12-25,19.7691,19.8593,19.7256,19.7524,48432
2002-12-24,19.8778,19.9083,19.7163,19.7691,511960
2002-12-23,19.9289,20.0073,19.7219,19.8778,69982
2002-12-20,19.7530,19.9350,19.7513,19.9289,20180
2002-12-19,19.7754,19.8812,19.5787,19.7530,325090
2002-12-18,19.6090,19.8355,19.6012,19.7754,809262
2002-12-17,19.6855,19.7922,19.4641,19.6090,736384
2002-12-16,19.6212,19.8632,19.6149,19.6855,339223
2002-12-13,19.6523,19.8088,19.6020,19.6212,883163
2002-12-12,19.6537,19.8471,19.6308,19.6523,835006
2002-12-11,19.6404,19.6860,19.5264,19.6537,907337
2002-12-10,19.5745,19.8240,19.4985,19.6404,258212
2002-12-09,19.4783,19.6091,19.4509,19.5745,729675
2002-12-06,19.4448,19.6034,19.4104,19.4783,86949
2002-12-05,19.4288,19.4854,19.2695,19.4448,642436
2002-12-04,19.3423,19.6096,19.3055,19.4288,232897
2002-12-03,19.2196,19.3491,19.1530,19.3423,643014
2002-12-02,19.2061,19.2421,19.1093,19.2196,828739
2002-11-29,19.1637,19.2802,19.1351,19.2061,144112
2002-11-28,19.1628,19.2028,19.1074,19.1637,850155
2002-11-27,19.2039,19.2338,19.0668,19.1628,484496
2002-11-26,19.2038,19.2729,19.1520,19.2039,60121
2002-11-25,19.1116,19.3447,19.1111,19.2038,857617
2002-11-22,19.0473,19.1632,19.0141,19.1116,64355
2002-11-21,19.0103,19.1011,18.9021,19.0473,308186
2002-11-20,19.0195,19.0871,18.9619,19.0103,733469
2002-11-19,18.9862,19.0590,18.8379,19.0195,874817
2002-11-18,18.8784,19.1760,18.8595,18.9862,744343
2002-11-15,18.7863,18.8951,18.7722,18.8784,688894
2002-11-14,18.8260,18.9271,18.7658,18.7863,86080
2002-11-13,18.7962,18.8639,18.6949,18.8260,353863
2002-11-12,18.8223,18.8242,18.7622,18.7962,822673
2002-11-11,18.8948,18.9914,18.7703,18.8223,432835
2002-11-08,18.9950,18.9989,18.8427,18.8948,492655
2002-11-07,18.9642,19.0259,18.8665,18.9950,407658
2002-11-06,19.0531,19.1352,18.8788,18.9642,426700
2002-11-05,19.0518,19.0556,19.0266,19.0531,330272
2002-11-04,19.0375,19.1438,18.8683,19.0518,480796
2002-11-01,19.0214,19.1345,18.9990,19.0375,796584
2002-10-31,19.1008,19.1292,18.9618,19.0214,694213
2002-10-30,19.1259,19.1642,19.0383,19.1008,478322
2002-10-29,19.1734,19.2907,18.9627,19.1259,252380
2002-10-28,19.1576,19.2047,19.1571,19.1734,317449
2002-10-25,19.2076,19.3227,19.0910,19.1576,484098
2002-10-24,19.2021,19.3509,19.1233,19.2076,732656
2002-10-23,19.2614,19.2712,19.0479,19.2021,723244
2002-10-22,19.3014,19.3744,19.1782,19.2614,74171
2002-10-21,19.3182,19.3873,19.2444,19.3014,751703
2002-10-18,19.2926,19.3463,19.1675,19.3182,344174
2002-10-17,19.3070,19.3667,19.2825,19.2926,805904
2002-10-16,19.4101,19.4579,19.1882,19.3070,236661
2002-10-15,19.4684,19.5203,19.2345,19.4101,586289
2002-10-14,19.4208,19.5151,19.4114,19.4684,226613
2002-10-11,19.3955,19.5131,19.2896,19.4208,284959
2002-10-10,19.3837,19.5867,19.3546,19.3955,559101
2002-10-09,19.3542,19.5401,19.3363,19.3837,892109
2002-10-08,19.2878,19.5074,19.2340,19.3542,323345
2002-10-07,19.4448,19.4732,19.1992,19.2878,946400
2002-10-04,19.3903,19.5619,19.3452,19.4448,223597
2002-10-03,19.4719,19.5249,19.3344,19.3903,955215
2002-10-02,19.3538,19.4820,19.3431,19.4719,432917
2002-10-01,19.3794,19.3815,19.1839,19.3538,812618
2002-09-30,19.3381,19.5081,19.3218,19.3794,269067
2002-09-27,19.2693,19.4110,19.1935,19.3381,404843
2002-09-26,19.2531,19.3013,19.1885,19.2693,673048
2002-09-25,19.0715,19.2983,19.0640,19.2531,211664
2002-09-24,19.0362,19.1798,18.9323,19.0715,526348
2002-09-23,19.1166,19.1320,18.9860,19.0362,577906
2002-09-20,19.0992,19.2071,19.0273,19.1166,859993
2002-09-19,19.0321,19.2068,18.9295,19.0992,850598
2002-09-18,19.0146,19.1642,18.9216,19.0321,318245
2002-09-17,19.1210,19.1517,18.8436,19.0146,872352
2002-09-16,19.1310,19.2487,19.0748,19.1210,424207
2002-09-13,19.2649,19.2830,19.0842,19.1310,302328
2002-09-12,19.4497,19.4517,19.1530,19.2649,457058
2002-09-11,19.3712,19.4676,19.3484,19.4497,629558
2002-09-10,19.2673,19.5358,19.1830,19.3712,329714
2002-09-09,19.1090,19.2899,19.0957,19.2673,100556
2002-09-06,19.1488,19.2687,18.9680,19.1090,737290
2002-09-05,19.2799,19.3011,18.9747,19.1488,524742
2002-09-04,19.1852,19.2857,19.1705,19.2799,947397
2002-09-03,19.0692,19.2890,19.0492,19.1852,975728
2002-09-02,19.1036,19.1885,19.0442,19.0692,760031
2002-08-30,19.0826,19.2108,18.9168,19.1036,830628
2002-08-29,19.0728,19.1057,18.9394,19.0826,160593
2002-08-28,19.0394,19.1248,19.0384,19.0728,28983
2002-08-27,19.0456,19.0775,19.0361,19.0394,179645
2002-08-26,18.9955,19.1524,18.9198,19.0456,439805
2002-08-23,19.0239,19.1338,18.9713,18.9955,100790
2002-08-22,19.1297,19.1893,18.8580,19.0239,337209
2002-08-21,19.1193,19.2151,19.0910,19.1297,703565
2002-08-20,19.0936,19.2247,18.9899,19.1193,109253
2002-08-19,19.0960,19.2774,18.9961,19.0936,854195
2002-08-16,19.0236,19.2773,18.9320,19.0960,624147
2002-08-15,18.9998,19.0904,18.9900,19.0236,881957
2002-08-14,18.9753,19.0221,18.9381,18.9998,250729
2002-08-13,18.9815,19.0161,18.9591,18.9753,468040
2002-08-12,18.9519,19.0290,18.8949,18.9815,443897
2002-08-09,18.9641,19.0020,18.8127,18.9519,513313
2002-08-08,18.9938,19.0107,18.9603,18.9641,410584
2002-08-07,19.1184,19.1771,18.9028,18.9938,262544
2002-08-06,19.0086,19.1763,18.9838,19.1184,104098
2002-08-05,18.9473,19.1099,18.8773,19.0086,31281
2002-08-02,18.9529,19.0068,18.8404,18.9473,317211
2002-08-01,19.0140,19.0534,18.7816,18.9529,533939
2002-07-31,19.0000,19.1003,18.8500,19.0140,934807
2002-07-30,18.8872,19.1521,18.8803,19.0000,999016
2002-07-29,18.7982,18.9840,18.7931,18.8872,914636
2002-07-26,18.8541,18.8776,18.7339,18.7982,198909
2002-07-25,18.8487,19.0087,18.8239,18.8541,246239
2002-07-24,18.9042,18.9162,18.7995,18.8487,899284
2002-07-23,18.9433,19.0140,18.8968,18.9042,219947
2002-07-22,18.9443,18.9840,18.8923,18.9433,922041
2002-07-19,18.9908,19.0833,18.8937,18.9443,362313
2002-07-18,19.0254,19.1538,18.9484,18.9908,363675
2002-07-17,18.9547,19.1500,18.9262,19.0254,441861
2002-07-16,18.9383,19.1361,18.8430,18.9547,139931
2002-07-15,19.0217,19.1007,18.9237,18.9383,316674
2002-07-12,18.9332,19.0312,18.8973,19.0217,950355
2002-07-11,18.8515,19.0309,18.8011,18.9332,242079
2002-07-10,18.8139,18.9229,18.7876,18.8515,51989
2002-07-09,18.8411,18.9018,18.7167,18.8139,655294
2002-07-08,18.8434,18.8447,18.8397,18.8411,980791
2002-07-05,18.8603,19.0268,18.8026,18.8434,664049
2002-07-04,18.8237,19.0341,18.6905,18.8603,261359
2002-07-03,18.7924,18.8879,18.7044,18.8237,935472
2002-07-02,18.7207,18.9229,18.7112,18.7924,838015
2002-07-01,18.7909,18.8630,18.6412,18.7207,375889
2002-06-28,18.8072,18.9297,18.7041,18.7909,803162
2002-06-27,18.9811,18.9934,18.7149,18.8072,226486
2002-06-26,18.9411,19.1359,18.9001,18.9811,855347
2002-06-25,18.8803,19.0932,18.7986,18.9411,468295
2002-06-24,18.8993,19.0144,18.6924,18.8803,935573
2002-06-21,18.8764,18.9220,18.8750,18.8993,328172
2002-06-20,18.9009,19.0423,18.7901,18.8764,276423
2002-06-19,18.9041,18.9063,18.8969,18.9009,476650
2002-06-18,19.0014,19.0113,18.7625,18.9041,35658
2002-06-17,19.0441,19.1725,18.8931,19.0014,633171
2002-06-14,18.9205,19.0639,18.8732,19.0441,293132
2002-06-13,18.9758,19.0873,18.7404,18.9205,846935
2002-06-12,18.9738,19.1031,18.9166,18.9758,447784
2002-06-11,18.9534,19.0132,18.8888,18.9738,385501
2002-06-10,19.0211,19.1014,18.8258,18.9534,161456
2002-06-07,18.9274,19.0923,18.8648,19.0211,887670
2002-06-06,18.9866,19.0056,18.8330,18.9274,261034
2002-06-05,19.0124,19.0416,18.9801,18.9866,270207
2002-06-04,19.0795,19.1226,19.0120,19.0124,705173
2002-06-03,19.0906,19.1302,19.0775,19.0795,557055
2002-05-31,19.0380,19.1165,19.0020,19.0906,182134
2002-05-30,19.0503,19.1534,18.8570,19.0380,495609
2002-05-29,19.0841,19.1003,18.9922,19.0503,86396
2002-05-28,19.1207,19.2221,19.0699,19.0841,530138
2002-05-27,19.0559,19.1447,18.9644,19.1207,984046
2002-05-24,19.0237,19.1103,18.9600,19.0559,787430
2002-05-23,19.1423,19.1594,19.0193,19.0237,663035
2002-05-22,19.0963,19.3310,19.0737,19.1423,136486
2002-05-21,19.0444,19.2010,19.0395,19.0963,666984
2002-05-20,19.0921,19.1239,19.0216,19.0444,427703
2002-05-17,19.0911,19.1900,19.0513,19.0921,584459
2002-05-16,19.0798,19.1107,19.0561,19.0911,438161
2002-05-15,19.1399,19.2604,19.0210,19.0798,731103
2002-05-14,18.9877,19.2412,18.9665,19.1399,453626
2002-05-13,18.9525,19.0043,18.9521,18.9877,386271
2002-05-10,19.0648,19.1053,18.9393,18.9525,764476
2002-05-09,18.9684,19.1252,18.9078,19.0648,727654
2002-05-08,18.8582,18.9792,18.8243,18.9684,482257
2002-05-07,18.8502,18.8733,18.8334,18.8582,82130
2002-05-06,18.8915,18.9660,18.8475,18.8502,11154
2002-05-03,18.7528,19.0121,18.7438,18.8915,331999
2002-05-02,18.6617,18.7945,18.5792,18.7528,551637
2002-05-01,18.5552,18.7725,18.5293,18.6617,969131
2002-04-30,18.5806,18.6486,18.4338,18.5552,123704
2002-04-29,18.5476,18.5857,18.4880,18.5806,417315
2002-04-26,18.4579,18.7118,18.4546,18.5476,67639
2002-04-25,18.3301,18.5628,18.2810,18.4579,978887
2002-04-24,18.3098,18.4869,18.2908,18.3301,703725
2002-04-23,18.1688,18.3891,18.1326,18.3098,479631
2002-04-22,18.1455,18.2524,18.1420,18.1688,206842
2002-04-19,18.2856,18.3192,17.9867,18.1455,846025
2002-04-18,18.3476,18.3933,18.1033,18.2856,928658
2002-04-17,18.4903,18.5073,18.2305,18.3476,880407
2002-04-16,18.5569,18.6625,18.4143,18.4903,916233
2002-04-15,18.5411,18.5606,18.5390,18.5569,855596
2002-04-12,18.5033,18.5433,18.4717,18.5411,165382
2002-04-11,18.6541,18.6591,18.4834,18.5033,651542
2002-04-10,18.6943,18.7980,18.6434,18.6541,970820
2002-04-09,18.7995,18.8255,18.6776,18.6943,425854
2002-04-08,18.7478,18.9470,18.6600,18.7995,182279
2002-04-05,18.6830,18.7817,18.6124,18.7478,206848
2002-04-04,18.7903,18.8248,18.6110,18.6830,996768
2002-04-03,18.6471,18.8851,18.6253,18.7903,169728
2002-04-02,18.7431,18.7977,18.6121,18.6471,726414
2002-04-01,18.6992,18.7916,18.6430,18.7431,616216
2002-03-29,18.7307,18.7475,18.6809,18.6992,125095
2002-03-28,18.7312,18.7582,18.7185,18.7307,836676
2002-03-27,18.7403,18.8372,18.7248,18.7312,709636
2002-03-26,18.8543,18.8629,18.6500,18.7403,944248
2002-03-25,18.9170,18.9229,18.7638,18.8543,347660
2002-03-22,18.9435,19.0030,18.8902,18.9170,776045
2002-03-21,18.9319,18.9453,18.9187,18.9435,760765
2002-03-20,18.8175,19.0124,18.7914,18.9319,579306
2002-03-19,18.7851,18.8966,18.7467,18.8175,367274
2002-03-18,18.7782,18.8004,18.6171,18.7851,775522
2002-03-15,18.7715,18.7785,18.7479,18.7782,707216
2002-03-14,18.7730,18.9592,18.7408,18.7715,552735
2002-03-13,18.7864,18.8459,18.6635,18.7730,554341
2002-03-12,18.8479,18.8763,18.6463,18.7864,688806
2002-03-11,18.9115,18.9913,18.7830,18.8479,580963
2002-03-08,18.8841,18.9646,18.7498,18.9115,836631
2002-03-07,18.9295,19.0325,18.7528,18.8841,391873
2002-03-06,18.9977,19.0060,18.8916,18.9295,260825
2002-03-05,19.0691,19.1400,18.9875,18.9977,858204
2002-03-04,19.0196,19.0869,18.8799,19.0691,452081
2002-03-01,19.0702,19.1292,18.8641,19.0196,693648
2002-02-28,19.1631,19.2116,18.8823,19.0702,144738
2002-02-27,19.2932,19.3518,19.0781,19.1631,581238
2002-02-26,19.2747,19.3538,19.1938,19.2932,364426
2002-02-25,19.1729,19.4582,19.1105,19.2747,903272
2002-02-22,19.2165,19.3043,19.1369,19.1729,350138
2002-02-21,19.0723,19.2570,19.0640,19.2165,455623
2002-02-20,18.9929,19.0904,18.9924,19.0723,690772
2002-02-19,18.9706,19.0190,18.8409,18.9929,742129
2002-02-18,18.8775,19.0248,18.8771,18.9706,892945
2002-02-15,18.8853,18.8934,18.8710,18.8775,277574
2002-02-14,18.7868,18.9718,18.7030,18.8853,614945
2002-02-13,18.7850,18.8683,18.6561,18.7868,787901
2002-02-12,18.9056,18.9292,18.7143,18.7850,330917
2002-02-11,18.9037,19.0928,18.9031,18.9056,159231
2002-02-08,18.8536,18.9805,18.8500,18.9037,149148
2002-02-07,18.7409,18.9483,18.6755,18.8536,852499
2002-02-06,18.7137,18.7494,18.6611,18.7409,444925
2002-02-05,18.6956,18.7460,18.5884,18.7137,935550
2002-02-04,18.7164,18.8217,18.5950,18.6956,802340
2002-02-01,18.7574,18.8633,18.7114,18.7164,776962
2002-01-31,18.6649,18.7616,18.5962,18.7574,30260
2002-01-30,18.6300,18.8063,18.5563,18.6649,845852
2002-01-29,18.6900,18.6952,18.5987,18.6300,987505
2002-01-28,18.6206,18.6958,18.6157,18.6900,823996
2002-01-25,18.6582,18.6796,18.5414,18.6206,795896
2002-01-24,18.7408,18.8195,18.6450,18.6582,961306
2002-01-23,18.7836,18.8196,18.7083,18.7408,57686
2002-01-22,18.8727,18.8814,18.7614,18.7836,384933
2002-01-21,18.8560,19.0398,18.7812,18.8727,189381
2002-01-18,18.9199,18.9597,18.7843,18.8560,372409
2002-01-17,18.8530,18.9908,18.8217,18.9199,644616
2002-01-16,18.8581,19.0045,18.7923,18.8530,774177
2002-01-15,18.9978,19.0136,18.8259,18.8581,313692
2002-01-14,19.0691,19.1169,18.9242,18.9978,209776
2002-01-11,19.0538,19.0967,18.9934,19.0691,666711
2002-01-10,19.0724,19.2380,18.9698,19.0538,472418
2002-01-09,19.1387,19.1494,18.9299,19.0724,31965
2002-01-08,19.1861,19.1983,19.1316,19.1387,828825
2002-01-07,19.0791,19.3145,19.0623,19.1861,359560
2002-01-04,19.0857,19.0933,18.9215,19.0791,597471
2002-01-03,19.0087,19.2525,18.9906,19.0857,855301
2002-01-02,18.9732,19.1559,18.8849,19.0087,598172
2002-01-01,19.0001,19.0333,18.9663,18.9732,955223
2001-12-31,19.1073,19.1151,18.9678,19.0001,682542
2001-12-28,19.2284,19.2718,19.0451,19.1073,795034
2001-12-27,19.3360,19.3652,19.2159,19.2284,225642
2001-12-26,19.3425,19.3498,19.2112,19.3360,51844
2001-12-25,19.4585,19.4978,19.2100,19.3425,700157
2001-12-24,19.4580,19.4623,19.4569,19.4585,857238
2001-12-21,19.5348,19.5503,19.4280,19.4580,218961
2001-12-20,19.5540,19.6379,19.4009,19.5348,264581
2001-12-19,19.7285,19.7446,19.5196,19.5540,74524
2001-12-18,19.7796,19.8681,19.6811,19.7285,532931
2001-12-17,19.7535,19.8205,19.6634,19.7796,407625
2001-12-14,19.8851,19.9055,19.6116,19.7535,369711
2001-12-13,19.9464,19.9859,19.8423,19.8851,867099
2001-12-12,19.8861,20.0095,19.8313,19.9464,819662
2001-12-11,19.8745,20.0570,19.7735,19.8861,297266
2001-12-10,19.8757,19.9933,19.7209,19.8745,481594
2001-12-07,19.8094,19.8939,19.6828,19.8757,55820
2001-12-06,19.7271,19.9097,19.6999,19.8094,492013
2001-12-05,19.7566,19.8292,19.5966,19.7271,906822
2001-12-04,19.6896,19.8537,19.5713,19.7566,296902
2001-12-03,19.5745,19.8589,19.4982,19.6896,121231
2001-11-30,19.5278,19.7250,19.5196,19.5745,231634
2001-11-29,19.5353,19.7111,19.4509,19.5278,52519
2001-11-28,19.5072,19.6867,19.3688,19.5353,345849
2001-11-27,19.4174,19.6136,19.3975,19.5072,85693
2001-11-26,19.4236,19.4562,19.3120,19.4174,40959
2001-11-23,19.4240,19.4601,19.4187,19.4236,704892
2001-11-22,19.4160,19.4343,19.4131,19.4240,464543
2001-11-21,19.5186,19.5790,19.3077,19.4160,203620
2001-11-20,19.4013,19.5607,19.3408,19.5186,170346
2001-11-19,19.5417,19.5597,19.3635,19.4013,532507
2001-11-16,19.5463,19.6754,19.4287,19.5417,644018
2001-11-15,19.6188,19.7057,19.4233,19.5463,130294
2001-11-14,19.5641,19.6978,19.5390,19.6188,100256
2001-11-13,19.4748,19.6510,19.4710,19.5641,384653
2001-11-12,19.6325,19.6454,19.3923,19.4748,574050
2001-11-09,19.5798,19.8263,19.5006,19.6325,315343
2001-11-08,19.6547,19.7099,19.4057,19.5798,769175
2001-11-07,19.6571,19.8481,19.5570,19.6547,928310
2001-11-06,19.6412,19.6734,19.6328,19.6571,312274
2001-11-05,19.7065,19.7955,19.4865,19.6412,76221
2001-11-02,19.6818,19.7506,19.5427,19.7065,129940
2001-11-01,19.6882,19.7099,19.5397,19.6818,878577
2001-10-31,19.7842,19.8072,19.6695,19.6882,514716
2001-10-30,19.7218,19.9546,19.5957,19.7842,461955
2001-10-29,19.6834,19.8829,19.6832,19.7218,534575
2001-10-26,19.6027,19.8357,19.5709,19.6834,398487
2001-10-25,19.6685,19.7144,19.4851,19.6027,164299
2001-10-24,19.7027,19.7769,19.6408,19.6685,144466
2001-10-23,19.7375,19.8838,19.5476,19.7027,31411
2001-10-22,19.6496,19.7843,19.6425,19.7375,405668
2001-10-19,19.7567,19.8269,19.5916,19.6496,779485
2001-10-18,19.7331,19.7694,19.7025,19.7567,848244
2001-10-17,19.8354,19.8553,19.5861,19.7331,372690
2001-10-16,19.8664,19.8773,19.8038,19.8354,128922
2001-10-15,19.9728,20.0463,19.8663,19.8664,139254
2001-10-12,19.9951,20.1286,19.7833,19.9728,945144
2001-10-11,19.9927,20.0674,19.8270,19.9951,689555
2001-10-10,19.9051,20.0334,19.9024,19.9927,920681
2001-10-09,19.8656,19.9128,19.7345,19.9051,559867
2001-10-08,19.7158,19.8716,19.7086,19.8656,560991
2001-10-05,19.7130,19.7413,19.5456,19.7158,335515
2001-10-04,19.6870,19.7677,19.6235,19.7130,631142
2001-10-03,19.7568,19.8835,19.6590,19.6870,888311
2001-10-02,19.6827,19.7759,19.6756,19.7568,222847
2001-10-01,19.7446,19.8417,19.6288,19.6827,932939
2001-09-28,19.7483,19.8615,19.5925,19.7446,274136
2001-09-27,19.7808,19.9404,19.6478,19.7483,703078
2001-09-26,19.8125,19.8214,19.6168,19.7808,350894
2001-09-25,19.7509,19.8473,19.7504,19.8125,993842
2001-09-24,19.7011,19.8769,19.6449,19.7509,637250
2001-09-21,19.5812,19.7358,19.5185,19.7011,260696
2001-09-20,19.5062,19.7270,19.4455,19.5812,928043
2001-09-19,19.4612,19.6822,19.4510,19.5062,780435
2001-09-18,19.5005,19.5806,19.3836,19.4612,43555
2001-09-17,19.5538,19.6555,19.4647,19.5005,721310
2001-09-14,19.4634,19.6555,19.3774,19.5538,989264
2001-09-13,19.5550,19.5884,19.3968,19.4634,269978
2001-09-12,19.6191,19.6267,19.4136,19.5550,17724
2001-09-11,19.6361,19.6914,19.5332,19.6191,671805
2001-09-10,19.6445,19.6954,19.6327,19.6361,331265
2001-09-07,19.7677,19.8004,19.6342,19.6445,128304
2001-09-06,19.7732,19.7958,19.5783,19.7677,207060
2001-09-05,19.8028,19.9704,19.6665,19.7732,340171
2001-09-04,19.8672,19.9533,19.6241,19.8028,715154
2001-09-03,19.8763,19.8850,19.8590,19.8672,724509
2001-08-31,19.8857,19.9987,19.6849,19.8763,586415
2001-08-30,20.0052,20.0775,19.7219,19.8857,976972
2001-08-29,20.0569,20.1111,19.9322,20.0052,406301
2001-08-28,20.1532,20.1727,20.0093,20.0569,279081
2001-08-27,20.0115,20.1932,19.9721,20.1532,23275
2001-08-24,19.8945,20.0706,19.8194,20.0115,97745
2001-08-23,19.9370,20.0863,19.8123,19.8945,207800
2001-08-22,19.9405,20.1196,19.7405,19.9370,48427
2001-08-21,19.8399,20.1077,19.8291,19.9405,86565
2001-08-20,19.8811,19.9881,19.8399,19.8399,19894
2001-08-17,19.8749,19.9093,19.8155,19.8811,463698
2001-08-16,19.7557,20.0235,19.7294,19.8749,371037
2001-08-15,19.7460,19.8416,19.7437,19.7557,391441
2001-08-14,19.6525,19.9128,19.6292,19.7460,470724
2001-08-13,19.6135,19.6694,19.5807,19.6525,597534
2001-08-10,19.4736,19.7997,19.4432,19.6135,869291
2001-08-09,19.4859,19.5590,19.4721,19.4736,430523
2001-08-08,19.4469,19.5672,19.3353,19.4859,310065
2001-08-07,19.3533,19.5770,19.3461,19.4469,25689
2001-08-06,19.2431,19.4110,19.2336,19.3533,856068
2001-08-03,19.2507,19.2601,19.2004,19.2431,959838
2001-08-02,19.2403,19.2544,19.2294,19.2507,20483
2001-08-01,19.2281,19.2602,19.0512,19.2403,159484
2001-07-31,19.1375,19.2398,19.0561,19.2281,332044
2001-07-30,19.1751,19.3053,18.9934,19.1375,428759
2001-07-27,19.2852,19.3591,19.0784,19.1751,279616
2001-07-26,19.3691,19.4289,19.2351,19.2852,337972
2001-07-25,19.3432,19.3886,19.2803,19.3691,321574
2001-07-24,19.3156,19.4364,19.2020,19.3432,477666
2001-07-23,19.3636,19.3883,19.2984,19.3156,917451
2001-07-20,19.4176,19.4749,19.1825,19.3636,183915
2001-07-19,19.3997,19.5123,19.2857,19.4176,817481
2001-07-18,19.5006,19.5617,19.2117,19.3997,387889
2001-07-17,19.5387,19.5413,19.3577,19.5006,552283
2001-07-16,19.5575,19.7203,19.4784,19.5387,67607
2001-07-13,19.4855,19.6010,19.3773,19.5575,642217
2001-07-12,19.5891,19.6169,19.4240,19.4855,933656
2001-07-11,19.6757,19.7146,19.5064,19.5891,123429
2001-07-10,19.7997,19.8561,19.5387,19.6757,107121
2001-07-09,19.8408,19.9536,19.7930,19.7997,884576
2001-07-06,19.8381,20.0144,19.7044,19.8408,139403
2001-07-05,19.9340,19.9693,19.8226,19.8381,7359
2001-07-04,19.8274,20.1123,19.7638,19.9340,378756
2001-07-03,19.9423,20.0135,19.7491,19.8274,705510
2001-07-02,20.0429,20.0615,19.8105,19.9423,472794
2001-06-29,20.1225,20.1684,19.9383,20.0429,38952
2001-06-28,20.2016,20.2880,19.9940,20.1225,178697
2001-06-27,20.1452,20.3052,20.0997,20.2016,744647
2001-06-26,20.3095,20.3100,20.1283,20.1452,370099
2001-06-25,20.3053,20.3158,20.2944,20.3095,456280
2001-06-22,20.3509,20.4023,20.1805,20.3053,958300
2001-06-21,20.3222,20.3925,20.2990,20.3509,936766
2001-06-20,20.3119,20.4703,20.2642,20.3222,273127
2001-06-19,20.3379,20.3402,20.2613,20.3119,989073
2001-06-18,20.2257,20.3566,20.1909,20.3379,903825
2001-06-15,20.3432,20.3827,20.0594,20.2257,648204
2001-06-14,20.4254,20.5397,20.2602,20.3432,781139
2001-06-13,20.4576,20.4844,20.3891,20.4254,422815
2001-06-12,20.4932,20.5767,20.3388,20.4576,946018
2001-06-11,20.5253,20.5734,20.3961,20.4932,441572
2001-06-08,20.4762,20.6457,20.3588,20.5253,82240
2001-06-07,20.3853,20.5402,20.2994,20.4762,58440
2001-06-06,20.4720,20.5627,20.1997,20.3853,287239
2001-06-05,20.5150,20.5919,20.4689,20.4720,72734
2001-06-04,20.6183,20.6781,20.4008,20.5150,596337
2001-06-01,20.6854,20.7406,20.4539,20.6183,974563
2001-05-31,20.8561,20.8861,20.4995,20.6854,471657
2001-05-30,20.9047,20.9112,20.8255,20.8561,785429
2001-05-29,20.9011,20.9133,20.8709,20.9047,3516
2001-05-28,20.8332,20.9999,20.7998,20.9011,244781
2001-05-25,20.7478,20.9952,20.6670,20.8332,959248
2001-05-24,20.7252,20.8655,20.5817,20.7478,249014
2001-05-23,20.7231,20.7582,20.6276,20.7252,80172
2001-05-22,20.6404,20.8255,20.6388,20.7231,821727
2001-05-21,20.6714,20.7677,20.5817,20.6404,247914
2001-05-18,20.5926,20.7510,20.5503,20.6714,487891
2001-05-17,20.6720,20.7051,20.4460,20.5926,539808
2001-05-16,20.8084,20.8591,20.5739,20.6720,131946
2001-05-15,20.9001,20.9170,20.7871,20.8084,173491
2001-05-14,20.8069,21.0667,20.7794,20.9001,265030
2001-05-11,20.7750,20.8095,20.6085,20.8069,528846
2001-05-10,20.7302,20.8038,20.6928,20.7750,292621
2001-05-09,20.8611,20.9112,20.5271,20.7302,905852
2001-05-08,20.9955,21.0644,20.7908,20.8611,148395
2001-05-07,20.8848,21.0410,20.8425,20.9955,520890
2001-05-04,20.9872,21.0597,20.8709,20.8848,217773
2001-05-03,21.1304,21.1569,20.9412,20.9872,823699
2001-05-02,20.9989,21.2360,20.9864,21.1304,139781
2001-05-01,21.0561,21.1808,20.9690,20.9989,943151
2001-04-30,20.9817,21.0588,20.8744,21.0561,30483
2001-04-27,21.0038,21.0334,20.8219,20.9817,488252
2001-04-26,20.9666,21.0506,20.8876,21.0038,724186
2001-04-25,20.9022,21.1034,20.8902,20.9666,901760
2001-04-24,21.0312,21.1003,20.7738,20.9022,140350
2001-04-23,21.0182,21.1012,20.8569,21.0312,367438
2001-04-20,20.9197,21.0603,20.9080,21.0182,923886
2001-04-19,20.9664,20.9940,20.9176,20.9197,283320
2001-04-18,20.9405,21.0222,20.7689,20.9664,503811
2001-04-17,20.8009,20.9451,20.7737,20.9405,410324
2001-04-16,20.9465,20.9805,20.6222,20.8009,856369
2001-04-13,20.8921,21.0213,20.8795,20.9465,607399
2001-04-12,20.8091,21.0836,20.7876,20.8921,160677
2001-04-11,20.8092,20.8114,20.7866,20.8091,610024
2001-04-10,20.8389,20.8844,20.7753,20.8092,514296
2001-04-09,20.9536,21.0048,20.7899,20.8389,971618
2001-04-06,21.0252,21.0650,20.8648,20.9536,179189
2001-04-05,21.0497,21.1372,21.0126,21.0252,242719
2001-04-04,21.1948,21.2218,21.0402,21.0497,270387
2001-04-03,21.0165,21.2689,20.9959,21.1948,276648
2001-04-02,20.8317,21.1520,20.8314,21.0165,373102
2001-03-30,21.0030,21.0367,20.7036,20.8317,795519
2001-03-29,20.9786,21.0278,20.7993,21.0030,512372
2001-03-28,21.0558,21.0898,20.9617,20.9786,929062
2001-03-27,21.0897,21.1556,20.9787,21.0558,361054
2001-03-26,21.1323,21.2553,21.0277,21.0897,25783
2001-03-23,21.1835,21.2550,21.1173,21.1323,939352
2001-03-22,21.1230,21.3828,21.0992,21.1835,953878
2001-03-21,21.2286,21.3313,21.0078,21.1230,344710
2001-03-20,21.2300,21.4302,21.2050,21.2286,662350
2001-03-19,21.2439,21.2445,21.2047,21.2300,610026
2001-03-16,21.1983,21.2620,21.0344,21.2439,657445
2001-03-15,21.1101,21.2694,21.0724,21.1983,292864
2001-03-14,21.0827,21.1401,21.0628,21.1101,220844
2001-03-13,21.0253,21.1599,20.9278,21.0827,389429
2001-03-12,21.0739,21.1964,20.9738,21.0253,118022
2001-03-09,21.0688,21.0812,21.0594,21.0739,139356
2001-03-08,21.1030,21.1206,20.8835,21.0688,704747
2001-03-07,21.1433,21.2458,20.9001,21.1030,551446
2001-03-06,21.1305,21.2454,21.1060,21.1433,730077
2001-03-05,21.0838,21.1530,20.9954,21.1305,963801
2001-03-02,21.1683,21.1859,20.9998,21.0838,546626
2001-03-01,21.3178,21.3383,21.0441,21.1683,415257
2001-02-28,21.3262,21.3456,21.2556,21.3178,741667
2001-02-27,21.5131,21.5135,21.2280,21.3262,497173
2001-02-26,21.5058,21.6096,21.4478,21.5131,370825
2001-02-23,21.4000,21.5497,21.3074,21.5058,148403
2001-02-22,21.2764,21.4475,21.2332,21.4000,290026
2001-02-21,21.3608,21.3653,21.1989,21.2764,1003
2001-02-20,21.3800,21.4976,21.2094,21.3608,940677
2001-02-19,21.2983,21.5826,21.2748,21.3800,925763
2001-02-16,21.3180,21.4675,21.2148,21.2983,88644
2001-02-15,21.3153,21.4310,21.1991,21.3180,794721
2001-02-14,21.4110,21.5271,21.2284,21.3153,577302
2001-02-13,21.3834,21.4918,21.3727,21.4110,614195
2001-02-12,21.2916,21.5844,21.2414,21.3834,937877
2001-02-09,21.3013,21.3238,21.2570,21.2916,509063
2001-02-08,21.2237,21.4443,21.1761,21.3013,671581
2001-02-07,21.1528,21.3547,21.1045,21.2237,611206
2001-02-06,21.1587,21.3134,21.0945,21.1528,862684
2001-02-05,21.1532,21.1845,21.1366,21.1587,111742
2001-02-02,21.0779,21.2690,20.9631,21.1532,613628
2001-02-01,21.0174,21.1135,20.9575,21.0779,310630
2001-01-31,20.9934,21.0375,20.9251,21.0174,209592
2001-01-30,21.1163,21.1713,20.9866,20.9934,242851
2001-01-29,21.0664,21.1908,20.9832,21.1163,956403
2001-01-26,21.0631,21.1533,20.9422,21.0664,995843
2001-01-25,21.0856,21.2164,21.0424,21.0631,107728
2001-01-24,21.0618,21.1214,21.0452,21.0856,579556
2001-01-23,21.1206,21.1582,20.9994,21.0618,594690
2001-01-22,21.1813,21.2566,21.0458,21.1206,65900
2001-01-19,21.1886,21.3440,20.9952,21.1813,834802
2001-01-18,21.1244,21.3262,21.0125,21.1886,635811
2001-01-17,20.9419,21.2428,20.9171,21.1244,730256
2001-01-16,21.0801,21.1011,20.9334,20.9419,40215
2001-01-15,21.1445,21.2279,21.0416,21.0801,371498
2001-01-12,21.0990,21.3009,20.9346,21.1445,216453
2001-01-11,21.2434,21.2824,20.8924,21.0990,80151
2001-01-10,21.2437,21.2592,21.2242,21.2434,758564
2001-01-09,21.3120,21.3263,21.2300,21.2437,552416
2001-01-08,21.2404,21.5219,21.2295,21.3120,26862
2001-01-05,21.2351,21.3851,21.1589,21.2404,597835
2001-01-04,21.1397,21.3406,21.0521,21.2351,172597
2001-01-03,20.9845,21.2552,20.9516,21.1397,859937
2001-01-02,20.8544,21.1332,20.8125,20.9845,57134
2001-01-01,20.9100,21.0337,20.8372,20.8544,934506
2000-12-29,21.1054,21.1115,20.8856,20.9100,595251
2000-12-28,21.1477,21.2514,20.9790,21.1054,731207
2000-12-27,21.1150,21.2049,21.0580,21.1477,248984
2000-12-26,21.1246,21.1471,20.9890,21.1150,99192
2000-12-25,21.1594,21.1919,21.1056,21.1246,674431
2000-12-22,21.0504,21.2016,21.0242,21.1594,137308
2000-12-21,21.1482,21.2039,21.0120,21.0504,20639
2000-12-20,21.2107,21.3364,20.9878,21.1482,881538
2000-12-19,21.0914,21.2427,21.0451,21.2107,196531
2000-12-18,21.1453,21.2851,20.8938,21.0914,39588
2000-12-15,21.1692,21.2319,21.0193,21.1453,973520
2000-12-14,21.2277,21.2956,21.1131,21.1692,773234
2000-12-13,21.1877,21.2374,21.1394,21.2277,313419
2000-12-12,21.2211,21.3023,21.1797,21.1877,917075
2000-12-11,21.0828,21.4024,21.0426,21.2211,21586
2000-12-08,21.0815,21.1747,20.9270,21.0828,849186
2000-12-07,21.1947,21.1954,20.8766,21.0815,341071
2000-12-06,21.2118,21.2375,21.0446,21.1947,880606
2000-12-05,21.2368,21.3167,21.1610,21.2118,33016
2000-12-04,21.1014,21.4299,21.0462,21.2368,820240
2000-12-01,20.9962,21.1106,20.9675,21.1014,353697
2000-11-30,21.0261,21.1601,20.9244,20.9962,50881
2000-11-29,21.0278,21.0591,21.0164,21.0261,28773
2000-11-28,21.0047,21.0968,20.8912,21.0278,553098
2000-11-27,21.0213,21.0717,20.9841,21.0047,551091
2000-11-24,20.9047,21.0544,20.8853,21.0213,691131
2000-11-23,20.8833,21.0248,20.6980,20.9047,681920
2000-11-22,20.9186,21.0046,20.7684,20.8833,756041
2000-11-21,20.9399,20.9625,20.8882,20.9186,437400
2000-11-20,20.9127,21.0672,20.8729,20.9399,570123
2000-11-17,20.9199,21.0551,20.8765,20.9127,413666
2000-11-16,20.9073,21.0201,20.8064,20.9199,188773
2000-11-15,20.8805,20.9209,20.8724,20.9073,451159
2000-11-14,20.8442,21.0351,20.8415,20.8805,669810
2000-11-13,20.9119,20.9531,20.6808,20.8442,487520
2000-11-10,20.8598,20.9971,20.7811,20.9119,214921
2000-11-09,20.9171,20.9288,20.7561,20.8598,204393
2000-11-08,20.9294,20.9866,20.7886,20.9171,248784
2000-11-07,20.9352,20.9496,20.7993,20.9294,363392
2000-11-06,20.9032,21.0530,20.8631,20.9352,216374
2000-11-03,20.9119,20.9322,20.8755,20.9032,893669
2000-11-02,20.9005,21.0525,20.8181,20.9119,369829
2000-11-01,20.7520,20.9851,20.7053,20.9005,915086
2000-10-31,20.7590,20.8395,20.7032,20.7520,210213
2000-10-30,20.8141,20.9611,20.6422,20.7590,382682
2000-10-27,20.8028,21.0004,20.6464,20.8141,62253
2000-10-26,20.8819,20.9475,20.7049,20.8028,502672
2000-10-25,21.0382,21.0736,20.7409,20.8819,142690
2000-10-24,20.8728,21.0614,20.8704,21.0382,120169
2000-10-23,20.7506,20.8950,20.7497,20.8728,952726
2000-10-20,20.8667,20.9524,20.6110,20.7506,125665
2000-10-19,21.0614,21.0685,20.7856,20.8667,102788
2000-10-18,20.9975,21.2568,20.9724,21.0614,189532
2000-10-17,20.8860,21.1803,20.8537,20.9975,988690
2000-10-16,20.8541,20.9241,20.8269,20.8860,880536
2000-10-13,20.8123,20.9582,20.7923,20.8541,272029
2000-10-12,20.8433,20.8656,20.8106,20.8123,529449
2000-10-11,20.8153,20.8583,20.6755,20.8433,923651
2000-10-10,20.8923,20.9969,20.6816,20.8153,427156
2000-10-09,20.9066,21.0373,20.7554,20.8923,718721
2000-10-06,21.0044,21.0695,20.7919,20.9066,167491
2000-10-05,21.0801,21.1265,20.8969,21.0044,789177
2000-10-04,21.1754,21.2208,21.0490,21.0801,520182
2000-10-03,21.1428,21.1895,21.0673,21.1754,635623
2000-10-02,21.0847,21.3029,20.9467,21.1428,429537
2000-09-29,21.1188,21.1310,20.9803,21.0847,566018
2000-09-28,21.0829,21.2896,20.9619,21.1188,247960
2000-09-27,21.0281,21.2849,20.8838,21.0829,730227
2000-09-26,21.0186,21.0412,20.9603,21.0281,404594
2000-09-25,20.9745,21.0269,20.9544,21.0186,216898
2000-09-22,21.0044,21.0880,20.9291,20.9745,532903
2000-09-21,21.0519,21.0605,20.9783,21.0044,652281
2000-09-20,21.0850,21.0968,21.0351,21.0519,179483
2000-09-19,20.9560,21.2774,20.9458,21.0850,962788
2000-09-18,20.9423,20.9950,20.8898,20.9560,443115
2000-09-15,20.9275,20.9485,20.9130,20.9423,187775
2000-09-14,20.8939,20.9841,20.8107,20.9275,454238
2000-09-13,20.8888,21.0509,20.8026,20.8939,85418
2000-09-12,20.9505,20.9619,20.8461,20.8888,613345
2000-09-11,20.8263,21.0453,20.7882,20.9505,991818
2000-09-08,20.7019,20.9033,20.7006,20.8263,882343
2000-09-07,20.6752,20.8255,20.5693,20.7019,743103
2000-09-06,20.6773,20.7202,20.6487,20.6752,59016
2000-09-05,20.6790,20.7098,20.6448,20.6773,916137
2000-09-04,20.6573,20.7169,20.5661,20.6790,491773
2000-09-01,20.6002,20.6658,20.5615,20.6573,573215
2000-08-31,20.5718,20.6276,20.4712,20.6002,395295
2000-08-30,20.4045,20.6712,20.3920,20.5718,549346
2000-08-29,20.3491,20.5319,20.3388,20.4045,524448
2000-08-28,20.3656,20.3763,20.2888,20.3491,786799
2000-08-25,20.2853,20.5235,20.1728,20.3656,140612
2000-08-24,20.3769,20.4408,20.2333,20.2853,715261
2000-08-23,20.3044,20.3863,20.3011,20.3769,252797
2000-08-22,20.2745,20.3670,20.1278,20.3044,534858
2000-08-21,20.3318,20.3692,20.0950,20.2745,785354
2000-08-18,20.3535,20.3744,20.3269,20.3318,906277
2000-08-17,20.4245,20.4904,20.3083,20.3535,783248
2000-08-16,20.4344,20.4754,20.3596,20.4245,727671
2000-08-15,20.4241,20.4450,20.4196,20.4344,888524
2000-08-14,20.3888,20.4507,20.2308,20.4241,798709
2000-08-11,20.3859,20.4585,20.3664,20.3888,744786
2000-08-10,20.4841,20.5005,20.3587,20.3859,716425
2000-08-09,20.5224,20.5521,20.4787,20.4841,435766
2000-08-08,20.5085,20.6377,20.3543,20.5224,494037
2000-08-07,20.6777,20.6862,20.4526,20.5085,393300
2000-08-04,20.7291,20.8410,20.5377,20.6777,900199
2000-08-03,20.5785,20.8587,20.5287,20.7291,69756
2000-08-02,20.6839,20.7332,20.4350,20.5785,347174
2000-08-01,20.6065,20.8689,20.5293,20.6839,297001
2000-07-31,20.6460,20.8035,20.4722,20.6065,564835
2000-07-28,20.6858,20.7852,20.5648,20.6460,648367
2000-07-27,20.6436,20.7483,20.5949,20.6858,744555
2000-07-26,20.6148,20.7029,20.5920,20.6436,113574
2000-07-25,20.5337,20.7888,20.4882,20.6148,681317
2000-07-24,20.6903,20.6955,20.4465,20.5337,651491
2000-07-21,20.6587,20.7461,20.5737,20.6903,215299
2000-07-20,20.6294,20.7104,20.6093,20.6587,360675
2000-07-19,20.5008,20.6542,20.4751,20.6294,381102
2000-07-18,20.5806,20.6016,20.4892,20.5008,977631
2000-07-17,20.6028,20.7806,20.5425,20.5806,676422
2000-07-14,20.6280,20.6560,20.5993,20.6028,482516
2000-07-13,20.7054,20.7720,20.5033,20.6280,348009
2000-07-12,20.5525,20.8763,20.5417,20.7054,752329
2000-07-11,20.5489,20.5878,20.4949,20.5525,833340
2000-07-10,20.4925,20.5744,20.4238,20.5489,479633
2000-07-07,20.4765,20.5342,20.4115,20.4925,829926
2000-07-06,20.5067,20.5920,20.4371,20.4765,628265
2000-07-05,20.4824,20.6071,20.3541,20.5067,964563
2000-07-04,20.3948,20.5318,20.3582,20.4824,17812
2000-07-03,20.3546,20.5469,20.2237,20.3948,134966
2000-06-30,20.3176,20.5437,20.2367,20.3546,685791
2000-06-29,20.3626,20.3824,20.1324,20.3176,412672
2000-06-28,20.3825,20.5081,20.3236,20.3626,648895
2000-06-27,20.4821,20.5803,20.2032,20.3825,927334
2000-06-26,20.4369,20.6138,20.4021,20.4821,979646
2000-06-23,20.4531,20.5032,20.2571,20.4369,369845
2000-06-22,20.4262,20.6120,20.2568,20.4531,349118
2000-06-21,20.4878,20.5141,20.3982,20.4262,342035
2000-06-20,20.3830,20.6525,20.3239,20.4878,598545
2000-06-19,20.4403,20.4955,20.3774,20.3830,296263
2000-06-16,20.3153,20.5878,20.3150,20.4403,185751
2000-06-15,20.3133,20.3666,20.2440,20.3153,840867
2000-06-14,20.3428,20.4610,20.2910,20.3133,354858
2000-06-13,20.3398,20.3515,20.3376,20.3428,331486
2000-06-12,20.3379,20.4921,20.2820,20.3398,714642
2000-06-09,20.3598,20.5251,20.3096,20.3379,558697
2000-06-08,20.3497,20.3772,20.3376,20.3598,219766
2000-06-07,20.3512,20.5512,20.2399,20.3497,907906
2000-06-06,20.3636,20.5349,20.2359,20.3512,184800
2000-06-05,20.2750,20.3994,20.2348,20.3636,293916
2000-06-02,20.2727,20.4172,20.2617,20.2750,899709
2000-06-01,20.2315,20.2843,20.1172,20.2727,724606
2000-05-31,20.2791,20.2840,20.2235,20.2315,702145
2000-05-30,20.1473,20.4200,20.1278,20.2791,578699
2000-05-29,20.0814,20.2906,19.9601,20.1473,782231
2000-05-26,20.1190,20.1213,19.9990,20.0814,234150
2000-05-25,20.1335,20.2863,20.0690,20.1190,994935
2000-05-24,20.0914,20.1617,20.0759,20.1335,685319
2000-05-23,20.1564,20.2244,20.0778,20.0914,496487
2000-05-22,20.2434,20.3077,20.0901,20.1564,571835
2000-05-19,20.3415,20.3543,20.2162,20.2434,852068
2000-05-18,20.2033,20.3628,20.1670,20.3415,743074
2000-05-17,20.1733,20.2054,20.1268,20.2033,315897
2000-05-16,20.1732,20.2052,20.1508,20.1733,396370
2000-05-15,20.2383,20.3572,20.0714,20.1732,720719
2000-05-12,20.1965,20.2761,20.1414,20.2383,616431
2000-05-11,20.2399,20.3116,20.1797,20.1965,209298
2000-05-10,20.3483,20.3838,20.2040,20.2399,922394
2000-05-09,20.4400,20.4584,20.3157,20.3483,609271
2000-05-08,20.5436,20.6296,20.2854,20.4400,465035
2000-05-05,20.5150,20.5958,20.3861,20.5436,759433
2000-05-04,20.5410,20.5572,20.3467,20.5150,411992
2000-05-03,20.5293,20.6732,20.4544,20.5410,132183
2000-05-02,20.4593,20.7173,20.4050,20.5293,15387
2000-05-01,20.4151,20.4962,20.4045,20.4593,852617
